x	y	utr5_SF	utr3_SF	Sample
0	0.1370173859293	0.128385261538265	0.589407823962135	group1
0.00195694716242661	0.147820637810856	0.128385261538265	0.589407823962135	group1
0.00391389432485323	0.15871932755299	0.128385261538265	0.589407823962135	group1
0.00587084148727984	0.169651256976524	0.128385261538265	0.589407823962135	group1
0.00782778864970646	0.18055537092143	0.128385261538265	0.589407823962135	group1
0.00978473581213307	0.191346333412774	0.128385261538265	0.589407823962135	group1
0.0117416829745597	0.201965290427947	0.128385261538265	0.589407823962135	group1
0.0136986301369863	0.212371147597551	0.128385261538265	0.589407823962135	group1
0.0156555772994129	0.222523873536024	0.128385261538265	0.589407823962135	group1
0.0176125244618395	0.232389468103259	0.128385261538265	0.589407823962135	group1
0.0195694716242661	0.241940176667177	0.128385261538265	0.589407823962135	group1
0.0215264187866928	0.251154617806239	0.128385261538265	0.589407823962135	group1
0.0234833659491194	0.259944502556159	0.128385261538265	0.589407823962135	group1
0.025440313111546	0.268374251273292	0.128385261538265	0.589407823962135	group1
0.0273972602739726	0.276447856995919	0.128385261538265	0.589407823962135	group1
0.0293542074363992	0.2841724290921	0.128385261538265	0.589407823962135	group1
0.0313111545988258	0.291559160971245	0.128385261538265	0.589407823962135	group1
0.0332681017612524	0.298622777545892	0.128385261538265	0.589407823962135	group1
0.0352250489236791	0.30537001602529	0.128385261538265	0.589407823962135	group1
0.0371819960861057	0.311791674803784	0.128385261538265	0.589407823962135	group1
0.0391389432485323	0.317961835256627	0.128385261538265	0.589407823962135	group1
0.0410958904109589	0.323903228859811	0.128385261538265	0.589407823962135	group1
0.0430528375733855	0.329638420086746	0.128385261538265	0.589407823962135	group1
0.0450097847358121	0.335189462997285	0.128385261538265	0.589407823962135	group1
0.0469667318982387	0.340577592892647	0.128385261538265	0.589407823962135	group1
0.0489236790606654	0.345813160591747	0.128385261538265	0.589407823962135	group1
0.050880626223092	0.350915781106817	0.128385261538265	0.589407823962135	group1
0.0528375733855186	0.355918726006541	0.128385261538265	0.589407823962135	group1
0.0547945205479452	0.360835882676341	0.128385261538265	0.589407823962135	group1
0.0567514677103718	0.365679498460562	0.128385261538265	0.589407823962135	group1
0.0587084148727984	0.37046021821217	0.128385261538265	0.589407823962135	group1
0.0606653620352251	0.3751871379629	0.128385261538265	0.589407823962135	group1
0.0626223091976517	0.379863039465779	0.128385261538265	0.589407823962135	group1
0.0645792563600783	0.3844975807018	0.128385261538265	0.589407823962135	group1
0.0665362035225049	0.389098428663066	0.128385261538265	0.589407823962135	group1
0.0684931506849315	0.393668660850484	0.128385261538265	0.589407823962135	group1
0.0704500978473581	0.398210627254895	0.128385261538265	0.589407823962135	group1
0.0724070450097847	0.402726091301526	0.128385261538265	0.589407823962135	group1
0.0743639921722114	0.407216372341453	0.128385261538265	0.589407823962135	group1
0.076320939334638	0.411678629528449	0.128385261538265	0.589407823962135	group1
0.0782778864970646	0.416117319524779	0.128385261538265	0.589407823962135	group1
0.0802348336594912	0.420534641170525	0.128385261538265	0.589407823962135	group1
0.0821917808219178	0.424932273152571	0.128385261538265	0.589407823962135	group1
0.0841487279843444	0.429312405794519	0.128385261538265	0.589407823962135	group1
0.086105675146771	0.433677838598381	0.128385261538265	0.589407823962135	group1
0.0880626223091977	0.438032041326761	0.128385261538265	0.589407823962135	group1
0.0900195694716243	0.442379759870252	0.128385261538265	0.589407823962135	group1
0.0919765166340509	0.446729274789884	0.128385261538265	0.589407823962135	group1
0.0939334637964775	0.451087403516425	0.128385261538265	0.589407823962135	group1
0.0958904109589041	0.455461704787196	0.128385261538265	0.589407823962135	group1
0.0978473581213307	0.459860389157341	0.128385261538265	0.589407823962135	group1
0.0998043052837573	0.464292213042157	0.128385261538265	0.589407823962135	group1
0.101761252446184	0.468769018792136	0.128385261538265	0.589407823962135	group1
0.103718199608611	0.473309373980382	0.128385261538265	0.589407823962135	group1
0.105675146771037	0.477915605800505	0.128385261538265	0.589407823962135	group1
0.107632093933464	0.482596400293186	0.128385261538265	0.589407823962135	group1
0.10958904109589	0.487359744888271	0.128385261538265	0.589407823962135	group1
0.111545988258317	0.49221275141831	0.128385261538265	0.589407823962135	group1
0.113502935420744	0.497161489994977	0.128385261538265	0.589407823962135	group1
0.11545988258317	0.50222046198885	0.128385261538265	0.589407823962135	group1
0.117416829745597	0.507396015427726	0.128385261538265	0.589407823962135	group1
0.119373776908024	0.512676842358724	0.128385261538265	0.589407823962135	group1
0.12133072407045	0.518061894684977	0.128385261538265	0.589407823962135	group1
0.123287671232877	0.523548686172719	0.128385261538265	0.589407823962135	group1
0.125244618395303	0.529133371645428	0.128385261538265	0.589407823962135	group1
0.12720156555773	0.534810845179629	0.128385261538265	0.589407823962135	group1
0.129158512720157	0.540585134039556	0.128385261538265	0.589407823962135	group1
0.131115459882583	0.546440585118873	0.128385261538265	0.589407823962135	group1
0.13307240704501	0.552362534282874	0.128385261538265	0.589407823962135	group1
0.135029354207436	0.558342243177615	0.128385261538265	0.589407823962135	group1
0.136986301369863	0.564370835896027	0.128385261538265	0.589407823962135	group1
0.13894324853229	0.570439436639298	0.128385261538265	0.589407823962135	group1
0.140900195694716	0.576539296121189	0.128385261538265	0.589407823962135	group1
0.142857142857143	0.58266387706308	0.128385261538265	0.589407823962135	group1
0.144814090019569	0.588799767920179	0.128385261538265	0.589407823962135	group1
0.146771037181996	0.594939054648109	0.128385261538265	0.589407823962135	group1
0.148727984344423	0.601074863784189	0.128385261538265	0.589407823962135	group1
0.150684931506849	0.607200731824688	0.128385261538265	0.589407823962135	group1
0.152641878669276	0.613310585241622	0.128385261538265	0.589407823962135	group1
0.154598825831703	0.619398308780848	0.128385261538265	0.589407823962135	group1
0.156555772994129	0.625452039480371	0.128385261538265	0.589407823962135	group1
0.158512720156556	0.631471278857129	0.128385261538265	0.589407823962135	group1
0.160469667318982	0.637451595609028	0.128385261538265	0.589407823962135	group1
0.162426614481409	0.643388899896727	0.128385261538265	0.589407823962135	group1
0.164383561643836	0.64927948499324	0.128385261538265	0.589407823962135	group1
0.166340508806262	0.655120076532866	0.128385261538265	0.589407823962135	group1
0.168297455968689	0.660904687211217	0.128385261538265	0.589407823962135	group1
0.170254403131115	0.66662564370118	0.128385261538265	0.589407823962135	group1
0.172211350293542	0.672290195890281	0.128385261538265	0.589407823962135	group1
0.174168297455969	0.677898456395036	0.128385261538265	0.589407823962135	group1
0.176125244618395	0.683451417039175	0.128385261538265	0.589407823962135	group1
0.178082191780822	0.688950968804196	0.128385261538265	0.589407823962135	group1
0.180039138943249	0.694399907426742	0.128385261538265	0.589407823962135	group1
0.181996086105675	0.699797854310552	0.128385261538265	0.589407823962135	group1
0.183953033268102	0.705151404826373	0.128385261538265	0.589407823962135	group1
0.185909980430528	0.710471408856192	0.128385261538265	0.589407823962135	group1
0.187866927592955	0.715764147193204	0.128385261538265	0.589407823962135	group1
0.189823874755382	0.721036125319877	0.128385261538265	0.589407823962135	group1
0.191780821917808	0.726293898783894	0.128385261538265	0.589407823962135	group1
0.193737769080235	0.731543892407433	0.128385261538265	0.589407823962135	group1
0.195694716242661	0.736793024711794	0.128385261538265	0.589407823962135	group1
0.197651663405088	0.742048117319459	0.128385261538265	0.589407823962135	group1
0.199608610567515	0.747312898596214	0.128385261538265	0.589407823962135	group1
0.201565557729941	0.75258990669418	0.128385261538265	0.589407823962135	group1
0.203522504892368	0.75788045584142	0.128385261538265	0.589407823962135	group1
0.205479452054795	0.763184576666862	0.128385261538265	0.589407823962135	group1
0.207436399217221	0.7685009774639	0.128385261538265	0.589407823962135	group1
0.209393346379648	0.773827521419079	0.128385261538265	0.589407823962135	group1
0.211350293542074	0.779156732337652	0.128385261538265	0.589407823962135	group1
0.213307240704501	0.784482277378551	0.128385261538265	0.589407823962135	group1
0.215264187866928	0.789797154023538	0.128385261538265	0.589407823962135	group1
0.217221135029354	0.795093683842201	0.128385261538265	0.589407823962135	group1
0.219178082191781	0.800363682171458	0.128385261538265	0.589407823962135	group1
0.221135029354207	0.805597545769517	0.128385261538265	0.589407823962135	group1
0.223091976516634	0.810776729335719	0.128385261538265	0.589407823962135	group1
0.225048923679061	0.815899550926128	0.128385261538265	0.589407823962135	group1
0.227005870841487	0.820958298165932	0.128385261538265	0.589407823962135	group1
0.228962818003914	0.825945858169611	0.128385261538265	0.589407823962135	group1
0.230919765166341	0.830855793128546	0.128385261538265	0.589407823962135	group1
0.232876712328767	0.835682398705906	0.128385261538265	0.589407823962135	group1
0.234833659491194	0.840414469663932	0.128385261538265	0.589407823962135	group1
0.23679060665362	0.845039941736862	0.128385261538265	0.589407823962135	group1
0.238747553816047	0.849568688320775	0.128385261538265	0.589407823962135	group1
0.240704500978474	0.853998633661251	0.128385261538265	0.589407823962135	group1
0.2426614481409	0.858328203226231	0.128385261538265	0.589407823962135	group1
0.244618395303327	0.862556239192917	0.128385261538265	0.589407823962135	group1
0.246575342465753	0.866681916172579	0.128385261538265	0.589407823962135	group1
0.24853228962818	0.870693191014981	0.128385261538265	0.589407823962135	group1
0.250489236790607	0.874590858352739	0.128385261538265	0.589407823962135	group1
0.252446183953033	0.878384711182522	0.128385261538265	0.589407823962135	group1
0.25440313111546	0.882074494452233	0.128385261538265	0.589407823962135	group1
0.256360078277887	0.885660018050061	0.128385261538265	0.589407823962135	group1
0.258317025440313	0.889141199078302	0.128385261538265	0.589407823962135	group1
0.26027397260274	0.892518117792597	0.128385261538265	0.589407823962135	group1
0.262230919765166	0.895775269343084	0.128385261538265	0.589407823962135	group1
0.264187866927593	0.898924399283913	0.128385261538265	0.589407823962135	group1
0.26614481409002	0.901973057026736	0.128385261538265	0.589407823962135	group1
0.268101761252446	0.90492396888519	0.128385261538265	0.589407823962135	group1
0.270058708414873	0.907780777322244	0.128385261538265	0.589407823962135	group1
0.272015655577299	0.910548133086677	0.128385261538265	0.589407823962135	group1
0.273972602739726	0.913231777025555	0.128385261538265	0.589407823962135	group1
0.275929549902153	0.915826071013602	0.128385261538265	0.589407823962135	group1
0.277886497064579	0.918356350840785	0.128385261538265	0.589407823962135	group1
0.279843444227006	0.920833844304397	0.128385261538265	0.589407823962135	group1
0.281800391389432	0.923269943882008	0.128385261538265	0.589407823962135	group1
0.283757338551859	0.9256768623577	0.128385261538265	0.589407823962135	group1
0.285714285714286	0.928067469861668	0.128385261538265	0.589407823962135	group1
0.287671232876712	0.930455592463124	0.128385261538265	0.589407823962135	group1
0.289628180039139	0.932860944460698	0.128385261538265	0.589407823962135	group1
0.291585127201566	0.935296993068317	0.128385261538265	0.589407823962135	group1
0.293542074363992	0.937775992030907	0.128385261538265	0.589407823962135	group1
0.295499021526419	0.940309158286018	0.128385261538265	0.589407823962135	group1
0.297455968688845	0.942906442114938	0.128385261538265	0.589407823962135	group1
0.299412915851272	0.94557631164988	0.128385261538265	0.589407823962135	group1
0.301369863013699	0.948332026501403	0.128385261538265	0.589407823962135	group1
0.303326810176125	0.951183602904309	0.128385261538265	0.589407823962135	group1
0.305283757338552	0.954121095754381	0.128385261538265	0.589407823962135	group1
0.307240704500978	0.957142978811801	0.128385261538265	0.589407823962135	group1
0.309197651663405	0.960245662424506	0.128385261538265	0.589407823962135	group1
0.311154598825832	0.963423583495322	0.128385261538265	0.589407823962135	group1
0.313111545988258	0.966669322153366	0.128385261538265	0.589407823962135	group1
0.315068493150685	0.969978892113399	0.128385261538265	0.589407823962135	group1
0.317025440313112	0.973335105106412	0.128385261538265	0.589407823962135	group1
0.318982387475538	0.976720320036863	0.128385261538265	0.589407823962135	group1
0.320939334637965	0.980121515153293	0.128385261538265	0.589407823962135	group1
0.322896281800391	0.983525529327429	0.128385261538265	0.589407823962135	group1
0.324853228962818	0.986919350591068	0.128385261538265	0.589407823962135	group1
0.326810176125245	0.990290402804806	0.128385261538265	0.589407823962135	group1
0.328767123287671	0.993618790822315	0.128385261538265	0.589407823962135	group1
0.330724070450098	0.996895846557342	0.128385261538265	0.589407823962135	group1
0.332681017612524	1.0001155869968	0.128385261538265	0.589407823962135	group1
0.334637964774951	1.00327220826182	0.128385261538265	0.589407823962135	group1
0.336594911937378	1.00636184607499	0.128385261538265	0.589407823962135	group1
0.338551859099804	1.00938266029147	0.128385261538265	0.589407823962135	group1
0.340508806262231	1.01233489481582	0.128385261538265	0.589407823962135	group1
0.342465753424658	1.01520901824734	0.128385261538265	0.589407823962135	group1
0.344422700587084	1.01802568491006	0.128385261538265	0.589407823962135	group1
0.346379647749511	1.02079327702474	0.128385261538265	0.589407823962135	group1
0.348336594911937	1.02352167040008	0.128385261538265	0.589407823962135	group1
0.350293542074364	1.02622212550713	0.128385261538265	0.589407823962135	group1
0.352250489236791	1.0289070713965	0.128385261538265	0.589407823962135	group1
0.354207436399217	1.03159056557362	0.128385261538265	0.589407823962135	group1
0.356164383561644	1.03429320151706	0.128385261538265	0.589407823962135	group1
0.35812133072407	1.03702943002119	0.128385261538265	0.589407823962135	group1
0.360078277886497	1.03981300393192	0.128385261538265	0.589407823962135	group1
0.362035225048924	1.04265695281441	0.128385261538265	0.589407823962135	group1
0.36399217221135	1.04557334048633	0.128385261538265	0.589407823962135	group1
0.365949119373777	1.04857303577976	0.128385261538265	0.589407823962135	group1
0.367906066536204	1.05167426338357	0.128385261538265	0.589407823962135	group1
0.36986301369863	1.05489027021349	0.128385261538265	0.589407823962135	group1
0.371819960861057	1.0582134810553	0.128385261538265	0.589407823962135	group1
0.373776908023483	1.06164581106099	0.128385261538265	0.589407823962135	group1
0.37573385518591	1.06518718353641	0.128385261538265	0.589407823962135	group1
0.377690802348337	1.06883556957203	0.128385261538265	0.589407823962135	group1
0.379647749510763	1.0725870525928	0.128385261538265	0.589407823962135	group1
0.38160469667319	1.07644702709453	0.128385261538265	0.589407823962135	group1
0.383561643835616	1.08039966901025	0.128385261538265	0.589407823962135	group1
0.385518590998043	1.08442751595291	0.128385261538265	0.589407823962135	group1
0.38747553816047	1.0885199649684	0.128385261538265	0.589407823962135	group1
0.389432485322896	1.09266591626833	0.128385261538265	0.589407823962135	group1
0.391389432485323	1.09685404140842	0.128385261538265	0.589407823962135	group1
0.39334637964775	1.10107305570334	0.128385261538265	0.589407823962135	group1
0.395303326810176	1.10531299198953	0.128385261538265	0.589407823962135	group1
0.397260273972603	1.10955889008972	0.128385261538265	0.589407823962135	group1
0.399217221135029	1.11380228165891	0.128385261538265	0.589407823962135	group1
0.401174168297456	1.11803688880991	0.128385261538265	0.589407823962135	group1
0.403131115459883	1.12225814307755	0.128385261538265	0.589407823962135	group1
0.405088062622309	1.12646331945578	0.128385261538265	0.589407823962135	group1
0.407045009784736	1.13065153672962	0.128385261538265	0.589407823962135	group1
0.409001956947162	1.13482264233162	0.128385261538265	0.589407823962135	group1
0.410958904109589	1.13898554913999	0.128385261538265	0.589407823962135	group1
0.412915851272016	1.14314773374525	0.128385261538265	0.589407823962135	group1
0.414872798434442	1.1473184862001	0.128385261538265	0.589407823962135	group1
0.416829745596869	1.15150876289065	0.128385261538265	0.589407823962135	group1
0.418786692759296	1.15573102241045	0.128385261538265	0.589407823962135	group1
0.420743639921722	1.16000243537986	0.128385261538265	0.589407823962135	group1
0.422700587084149	1.16435011772907	0.128385261538265	0.589407823962135	group1
0.424657534246575	1.16878283528521	0.128385261538265	0.589407823962135	group1
0.426614481409002	1.17331680947987	0.128385261538265	0.589407823962135	group1
0.428571428571429	1.17796812298224	0.128385261538265	0.589407823962135	group1
0.430528375733855	1.18275248526671	0.128385261538265	0.589407823962135	group1
0.432485322896282	1.18768500554944	0.128385261538265	0.589407823962135	group1
0.434442270058708	1.19279706412708	0.128385261538265	0.589407823962135	group1
0.436399217221135	1.19810933632093	0.128385261538265	0.589407823962135	group1
0.438356164383562	1.20361354506806	0.128385261538265	0.589407823962135	group1
0.440313111545988	1.20931843622949	0.128385261538265	0.589407823962135	group1
0.442270058708415	1.21523108484191	0.128385261538265	0.589407823962135	group1
0.444227005870841	1.22135685405773	0.128385261538265	0.589407823962135	group1
0.446183953033268	1.22769937310091	0.128385261538265	0.589407823962135	group1
0.448140900195695	1.23429071248229	0.128385261538265	0.589407823962135	group1
0.450097847358121	1.24111491501125	0.128385261538265	0.589407823962135	group1
0.452054794520548	1.24815376543388	0.128385261538265	0.589407823962135	group1
0.454011741682975	1.25540309205136	0.128385261538265	0.589407823962135	group1
0.455968688845401	1.26285762210235	0.128385261538265	0.589407823962135	group1
0.457925636007828	1.27051115293183	0.128385261538265	0.589407823962135	group1
0.459882583170254	1.27835673276832	0.128385261538265	0.589407823962135	group1
0.461839530332681	1.28641837981237	0.128385261538265	0.589407823962135	group1
0.463796477495108	1.29465756941363	0.128385261538265	0.589407823962135	group1
0.465753424657534	1.30306197306838	0.128385261538265	0.589407823962135	group1
0.467710371819961	1.3116245938529	0.128385261538265	0.589407823962135	group1
0.469667318982387	1.3203391142303	0.128385261538265	0.589407823962135	group1
0.471624266144814	1.32920006699076	0.128385261538265	0.589407823962135	group1
0.473581213307241	1.33820537184549	0.128385261538265	0.589407823962135	group1
0.475538160469667	1.34737563087844	0.128385261538265	0.589407823962135	group1
0.477495107632094	1.35668323201688	0.128385261538265	0.589407823962135	group1
0.479452054794521	1.36612926375436	0.128385261538265	0.589407823962135	group1
0.481409001956947	1.37571633608311	0.128385261538265	0.589407823962135	group1
0.483365949119374	1.38544857082753	0.128385261538265	0.589407823962135	group1
0.4853228962818	1.39533157569472	0.128385261538265	0.589407823962135	group1
0.487279843444227	1.40538271995118	0.128385261538265	0.589407823962135	group1
0.489236790606654	1.41562881816234	0.128385261538265	0.589407823962135	group1
0.49119373776908	1.42605718998621	0.128385261538265	0.589407823962135	group1
0.493150684931507	1.43667946871018	0.128385261538265	0.589407823962135	group1
0.495107632093933	1.44750798494889	0.128385261538265	0.589407823962135	group1
0.49706457925636	1.45855560071566	0.128385261538265	0.589407823962135	group1
0.499021526418787	1.46983553983029	0.128385261538265	0.589407823962135	group1
0.500978473581213	1.48138878306191	0.128385261538265	0.589407823962135	group1
0.50293542074364	1.49323376792403	0.128385261538265	0.589407823962135	group1
0.504892367906067	1.50535727653225	0.128385261538265	0.589407823962135	group1
0.506849315068493	1.51777123978562	0.128385261538265	0.589407823962135	group1
0.50880626223092	1.53048677385917	0.128385261538265	0.589407823962135	group1
0.510763209393346	1.54351405200582	0.128385261538265	0.589407823962135	group1
0.512720156555773	1.55686218434033	0.128385261538265	0.589407823962135	group1
0.5146771037182	1.5705889930507	0.128385261538265	0.589407823962135	group1
0.516634050880626	1.58467344664514	0.128385261538265	0.589407823962135	group1
0.518590998043053	1.59909914880941	0.128385261538265	0.589407823962135	group1
0.520547945205479	1.61386819524166	0.128385261538265	0.589407823962135	group1
0.522504892367906	1.62898108383229	0.128385261538265	0.589407823962135	group1
0.524461839530333	1.64443666703557	0.128385261538265	0.589407823962135	group1
0.526418786692759	1.66023210493157	0.128385261538265	0.589407823962135	group1
0.528375733855186	1.67642481859434	0.128385261538265	0.589407823962135	group1
0.530332681017613	1.69294672921319	0.128385261538265	0.589407823962135	group1
0.532289628180039	1.70978163472672	0.128385261538265	0.589407823962135	group1
0.534246575342466	1.72691690618103	0.128385261538265	0.589407823962135	group1
0.536203522504892	1.74433764266895	0.128385261538265	0.589407823962135	group1
0.538160469667319	1.76202653498996	0.128385261538265	0.589407823962135	group1
0.540117416829746	1.77996946631068	0.128385261538265	0.589407823962135	group1
0.542074363992172	1.7981693726894	0.128385261538265	0.589407823962135	group1
0.544031311154599	1.81655205962656	0.128385261538265	0.589407823962135	group1
0.545988258317026	1.8350849028285	0.128385261538265	0.589407823962135	group1
0.547945205479452	1.85373154003094	0.128385261538265	0.589407823962135	group1
0.549902152641879	1.87245168864283	0.128385261538265	0.589407823962135	group1
0.551859099804305	1.89120097659595	0.128385261538265	0.589407823962135	group1
0.553816046966732	1.90992419509605	0.128385261538265	0.589407823962135	group1
0.555772994129159	1.92854030276293	0.128385261538265	0.589407823962135	group1
0.557729941291585	1.94699038752381	0.128385261538265	0.589407823962135	group1
0.559686888454012	1.96520778768602	0.128385261538265	0.589407823962135	group1
0.561643835616438	1.98312165422736	0.128385261538265	0.589407823962135	group1
0.563600782778865	2.00065718551974	0.128385261538265	0.589407823962135	group1
0.565557729941292	2.01773591058749	0.128385261538265	0.589407823962135	group1
0.567514677103718	2.03420111545816	0.128385261538265	0.589407823962135	group1
0.569471624266145	2.04994456655231	0.128385261538265	0.589407823962135	group1
0.571428571428571	2.06493070322688	0.128385261538265	0.589407823962135	group1
0.573385518590998	2.07907129047973	0.128385261538265	0.589407823962135	group1
0.575342465753425	2.09227857036662	0.128385261538265	0.589407823962135	group1
0.577299412915851	2.10446605703965	0.128385261538265	0.589407823962135	group1
0.579256360078278	2.11554935227458	0.128385261538265	0.589407823962135	group1
0.581213307240704	2.12524351823473	0.128385261538265	0.589407823962135	group1
0.583170254403131	2.13357720347778	0.128385261538265	0.589407823962135	group1
0.585127201565558	2.14054664601077	0.128385261538265	0.589407823962135	group1
0.587084148727984	2.14609341637336	0.128385261538265	0.589407823962135	group1
0.589041095890411	2.15016684246137	0.128385261538265	0.589407823962135	group1
0.590998043052838	2.15272460045766	0.128385261538265	0.589407823962135	group1
0.592954990215264	2.15373325491792	0.128385261538265	0.589407823962135	group1
0.594911937377691	2.1528505864412	0.128385261538265	0.589407823962135	group1
0.596868884540117	2.15037142569095	0.128385261538265	0.589407823962135	group1
0.598825831702544	2.14631482231275	0.128385261538265	0.589407823962135	group1
0.600782778864971	2.14069742293887	0.128385261538265	0.589407823962135	group1
0.602739726027397	2.13354564003832	0.128385261538265	0.589407823962135	group1
0.604696673189824	2.12489536811927	0.128385261538265	0.589407823962135	group1
0.606653620352251	2.11474234977037	0.128385261538265	0.589407823962135	group1
0.608610567514677	2.10297169433732	0.128385261538265	0.589407823962135	group1
0.610567514677104	2.08990339988259	0.128385261538265	0.589407823962135	group1
0.61252446183953	2.07561243182102	0.128385261538265	0.589407823962135	group1
0.614481409001957	2.06017890524326	0.128385261538265	0.589407823962135	group1
0.616438356164384	2.04368727872074	0.128385261538265	0.589407823962135	group1
0.61839530332681	2.02622553800468	0.128385261538265	0.589407823962135	group1
0.620352250489237	2.00782460901381	0.128385261538265	0.589407823962135	group1
0.622309197651663	1.98857303237077	0.128385261538265	0.589407823962135	group1
0.62426614481409	1.96867594685197	0.128385261538265	0.589407823962135	group1
0.626223091976517	1.94822450193306	0.128385261538265	0.589407823962135	group1
0.628180039138943	1.92730778359254	0.128385261538265	0.589407823962135	group1
0.63013698630137	1.90601219855694	0.128385261538265	0.589407823962135	group1
0.632093933463797	1.88442089611974	0.128385261538265	0.589407823962135	group1
0.634050880626223	1.86259921919427	0.128385261538265	0.589407823962135	group1
0.63600782778865	1.84065382629523	0.128385261538265	0.589407823962135	group1
0.637964774951076	1.81866687692312	0.128385261538265	0.589407823962135	group1
0.639921722113503	1.79669750843866	0.128385261538265	0.589407823962135	group1
0.64187866927593	1.77479935233714	0.128385261538265	0.589407823962135	group1
0.643835616438356	1.7530204944753	0.128385261538265	0.589407823962135	group1
0.645792563600783	1.73140347735761	0.128385261538265	0.589407823962135	group1
0.64774951076321	1.71002547809723	0.128385261538265	0.589407823962135	group1
0.649706457925636	1.6888986119529	0.128385261538265	0.589407823962135	group1
0.651663405088063	1.66803590939717	0.128385261538265	0.589407823962135	group1
0.653620352250489	1.6474547275057	0.128385261538265	0.589407823962135	group1
0.655577299412916	1.62716845105437	0.128385261538265	0.589407823962135	group1
0.657534246575342	1.60718684763897	0.128385261538265	0.589407823962135	group1
0.659491193737769	1.58751688532198	0.128385261538265	0.589407823962135	group1
0.661448140900196	1.56822708480392	0.128385261538265	0.589407823962135	group1
0.663405088062622	1.54925235836375	0.128385261538265	0.589407823962135	group1
0.665362035225049	1.53059088531131	0.128385261538265	0.589407823962135	group1
0.667318982387475	1.51223994302089	0.128385261538265	0.589407823962135	group1
0.669275929549902	1.49419622639111	0.128385261538265	0.589407823962135	group1
0.671232876712329	1.47645614799919	0.128385261538265	0.589407823962135	group1
0.673189823874755	1.45902944895587	0.128385261538265	0.589407823962135	group1
0.675146771037182	1.44194723285762	0.128385261538265	0.589407823962135	group1
0.677103718199609	1.42515841491601	0.128385261538265	0.589407823962135	group1
0.679060665362035	1.40866186297276	0.128385261538265	0.589407823962135	group1
0.681017612524462	1.39245734071425	0.128385261538265	0.589407823962135	group1
0.682974559686888	1.37654551657145	0.128385261538265	0.589407823962135	group1
0.684931506849315	1.36092795086436	0.128385261538265	0.589407823962135	group1
0.686888454011742	1.34563377824508	0.128385261538265	0.589407823962135	group1
0.688845401174168	1.33067726752868	0.128385261538265	0.589407823962135	group1
0.690802348336595	1.31602703510051	0.128385261538265	0.589407823962135	group1
0.692759295499022	1.30168763122309	0.128385261538265	0.589407823962135	group1
0.694716242661448	1.28766371080283	0.128385261538265	0.589407823962135	group1
0.696673189823875	1.27395988106452	0.128385261538265	0.589407823962135	group1
0.698630136986301	1.26058055004044	0.128385261538265	0.589407823962135	group1
0.700587084148728	1.24757380751212	0.128385261538265	0.589407823962135	group1
0.702544031311155	1.23492552820351	0.128385261538265	0.589407823962135	group1
0.704500978473581	1.22261248084781	0.128385261538265	0.589407823962135	group1
0.706457925636008	1.21063566713195	0.128385261538265	0.589407823962135	group1
0.708414872798434	1.19899509198085	0.128385261538265	0.589407823962135	group1
0.710371819960861	1.1876897156556	0.128385261538265	0.589407823962135	group1
0.712328767123288	1.1767174169734	0.128385261538265	0.589407823962135	group1
0.714285714285714	1.16613164997668	0.128385261538265	0.589407823962135	group1
0.716242661448141	1.15587884374254	0.128385261538265	0.589407823962135	group1
0.718199608610568	1.14594165797763	0.128385261538265	0.589407823962135	group1
0.720156555772994	1.13631257837056	0.128385261538265	0.589407823962135	group1
0.722113502935421	1.12698315963728	0.128385261538265	0.589407823962135	group1
0.724070450097847	1.11794408310154	0.128385261538265	0.589407823962135	group1
0.726027397260274	1.10918806898287	0.128385261538265	0.589407823962135	group1
0.727984344422701	1.10075076613356	0.128385261538265	0.589407823962135	group1
0.729941291585127	1.09256462093418	0.128385261538265	0.589407823962135	group1
0.731898238747554	1.08461710360172	0.128385261538265	0.589407823962135	group1
0.73385518590998	1.07689533562503	0.128385261538265	0.589407823962135	group1
0.735812133072407	1.06938617171973	0.128385261538265	0.589407823962135	group1
0.737769080234834	1.06207628283183	0.128385261538265	0.589407823962135	group1
0.73972602739726	1.05496136806795	0.128385261538265	0.589407823962135	group1
0.741682974559687	1.04804044556202	0.128385261538265	0.589407823962135	group1
0.743639921722114	1.0412719013723	0.128385261538265	0.589407823962135	group1
0.74559686888454	1.03464303303976	0.128385261538265	0.589407823962135	group1
0.747553816046967	1.02814158174176	0.128385261538265	0.589407823962135	group1
0.749510763209393	1.02175581520927	0.128385261538265	0.589407823962135	group1
0.75146771037182	1.01547460792968	0.128385261538265	0.589407823962135	group1
0.753424657534247	1.00929548296417	0.128385261538265	0.589407823962135	group1
0.755381604696673	1.00320669981899	0.128385261538265	0.589407823962135	group1
0.7573385518591	0.997190102948639	0.128385261538265	0.589407823962135	group1
0.759295499021526	0.991238778642838	0.128385261538265	0.589407823962135	group1
0.761252446183953	0.985346757947292	0.128385261538265	0.589407823962135	group1
0.76320939334638	0.979509010748152	0.128385261538265	0.589407823962135	group1
0.765166340508806	0.973721429484189	0.128385261538265	0.589407823962135	group1
0.767123287671233	0.967987046367699	0.128385261538265	0.589407823962135	group1
0.769080234833659	0.962299751185083	0.128385261538265	0.589407823962135	group1
0.771037181996086	0.956655416107818	0.128385261538265	0.589407823962135	group1
0.772994129158513	0.951053531860479	0.128385261538265	0.589407823962135	group1
0.774951076320939	0.945493965822013	0.128385261538265	0.589407823962135	group1
0.776908023483366	0.939976851050983	0.128385261538265	0.589407823962135	group1
0.778864970645793	0.934502473845894	0.128385261538265	0.589407823962135	group1
0.780821917808219	0.929079144376843	0.128385261538265	0.589407823962135	group1
0.782778864970646	0.923699968402816	0.128385261538265	0.589407823962135	group1
0.784735812133072	0.918363571610556	0.128385261538265	0.589407823962135	group1
0.786692759295499	0.91306921174641	0.128385261538265	0.589407823962135	group1
0.788649706457926	0.907815733892974	0.128385261538265	0.589407823962135	group1
0.790606653620352	0.902601555223028	0.128385261538265	0.589407823962135	group1
0.792563600782779	0.897425342975926	0.128385261538265	0.589407823962135	group1
0.794520547945206	0.892289547884716	0.128385261538265	0.589407823962135	group1
0.796477495107632	0.887184091830698	0.128385261538265	0.589407823962135	group1
0.798434442270059	0.882105776034821	0.128385261538265	0.589407823962135	group1
0.800391389432485	0.877051353803317	0.128385261538265	0.589407823962135	group1
0.802348336594912	0.872017626698493	0.128385261538265	0.589407823962135	group1
0.804305283757339	0.867001540597527	0.128385261538265	0.589407823962135	group1
0.806262230919765	0.862001034182502	0.128385261538265	0.589407823962135	group1
0.808219178082192	0.857014059703948	0.128385261538265	0.589407823962135	group1
0.810176125244618	0.852037056501564	0.128385261538265	0.589407823962135	group1
0.812133072407045	0.847069187558816	0.128385261538265	0.589407823962135	group1
0.814090019569472	0.842110230410896	0.128385261538265	0.589407823962135	group1
0.816046966731898	0.83716058195577	0.128385261538265	0.589407823962135	group1
0.818003913894325	0.832221252262587	0.128385261538265	0.589407823962135	group1
0.819960861056751	0.82729548404229	0.128385261538265	0.589407823962135	group1
0.821917808219178	0.822386537602578	0.128385261538265	0.589407823962135	group1
0.823874755381605	0.817496190090042	0.128385261538265	0.589407823962135	group1
0.825831702544031	0.812627730243874	0.128385261538265	0.589407823962135	group1
0.827788649706458	0.807784627823636	0.128385261538265	0.589407823962135	group1
0.829745596868884	0.802970446804704	0.128385261538265	0.589407823962135	group1
0.831702544031311	0.798188758312591	0.128385261538265	0.589407823962135	group1
0.833659491193738	0.79344916253049	0.128385261538265	0.589407823962135	group1
0.835616438356164	0.788752423221785	0.128385261538265	0.589407823962135	group1
0.837573385518591	0.784099040171045	0.128385261538265	0.589407823962135	group1
0.839530332681018	0.779491195865398	0.128385261538265	0.589407823962135	group1
0.841487279843444	0.774930597036328	0.128385261538265	0.589407823962135	group1
0.843444227005871	0.770418440454685	0.128385261538265	0.589407823962135	group1
0.845401174168297	0.765955384833442	0.128385261538265	0.589407823962135	group1
0.847358121330724	0.761550843419693	0.128385261538265	0.589407823962135	group1
0.849315068493151	0.757194897278873	0.128385261538265	0.589407823962135	group1
0.851272015655577	0.752885235001019	0.128385261538265	0.589407823962135	group1
0.853228962818004	0.748619735473895	0.128385261538265	0.589407823962135	group1
0.85518590998043	0.744395801405318	0.128385261538265	0.589407823962135	group1
0.857142857142857	0.740210398402028	0.128385261538265	0.589407823962135	group1
0.859099804305284	0.736060980316741	0.128385261538265	0.589407823962135	group1
0.86105675146771	0.73194704927999	0.128385261538265	0.589407823962135	group1
0.863013698630137	0.72785813740735	0.128385261538265	0.589407823962135	group1
0.864970645792564	0.723789992302026	0.128385261538265	0.589407823962135	group1
0.86692759295499	0.719738385207351	0.128385261538265	0.589407823962135	group1
0.868884540117417	0.71569919229584	0.128385261538265	0.589407823962135	group1
0.870841487279843	0.71166847634607	0.128385261538265	0.589407823962135	group1
0.87279843444227	0.70764261690564	0.128385261538265	0.589407823962135	group1
0.874755381604697	0.703617499134222	0.128385261538265	0.589407823962135	group1
0.876712328767123	0.699590264918801	0.128385261538265	0.589407823962135	group1
0.87866927592955	0.695559299354206	0.128385261538265	0.589407823962135	group1
0.880626223091977	0.691523651939076	0.128385261538265	0.589407823962135	group1
0.882583170254403	0.687483062470475	0.128385261538265	0.589407823962135	group1
0.88454011741683	0.683437977481044	0.128385261538265	0.589407823962135	group1
0.886497064579256	0.679389530320992	0.128385261538265	0.589407823962135	group1
0.888454011741683	0.675340831604032	0.128385261538265	0.589407823962135	group1
0.89041095890411	0.671295257088751	0.128385261538265	0.589407823962135	group1
0.892367906066536	0.667256367608117	0.128385261538265	0.589407823962135	group1
0.894324853228963	0.663228090214709	0.128385261538265	0.589407823962135	group1
0.896281800391389	0.659214615316398	0.128385261538265	0.589407823962135	group1
0.898238747553816	0.655220287175949	0.128385261538265	0.589407823962135	group1
0.900195694716243	0.651254200172063	0.128385261538265	0.589407823962135	group1
0.902152641878669	0.647318982506148	0.128385261538265	0.589407823962135	group1
0.904109589041096	0.643416884788316	0.128385261538265	0.589407823962135	group1
0.906066536203523	0.639550716113265	0.128385261538265	0.589407823962135	group1
0.908023483365949	0.635722544089878	0.128385261538265	0.589407823962135	group1
0.909980430528376	0.631933583720957	0.128385261538265	0.589407823962135	group1
0.911937377690802	0.628184091183573	0.128385261538265	0.589407823962135	group1
0.913894324853229	0.624480242268022	0.128385261538265	0.589407823962135	group1
0.915851272015655	0.620810827910637	0.128385261538265	0.589407823962135	group1
0.917808219178082	0.617170959531538	0.128385261538265	0.589407823962135	group1
0.919765166340509	0.613554543819163	0.128385261538265	0.589407823962135	group1
0.921722113502936	0.609954058958806	0.128385261538265	0.589407823962135	group1
0.923679060665362	0.606360526040116	0.128385261538265	0.589407823962135	group1
0.925636007827789	0.602762712256507	0.128385261538265	0.589407823962135	group1
0.927592954990215	0.599141441890285	0.128385261538265	0.589407823962135	group1
0.929549902152642	0.5954823145387	0.128385261538265	0.589407823962135	group1
0.931506849315068	0.591768702676722	0.128385261538265	0.589407823962135	group1
0.933463796477495	0.587982448291968	0.128385261538265	0.589407823962135	group1
0.935420743639922	0.584103856978811	0.128385261538265	0.589407823962135	group1
0.937377690802348	0.58011169140162	0.128385261538265	0.589407823962135	group1
0.939334637964775	0.575969131296381	0.128385261538265	0.589407823962135	group1
0.941291585127201	0.571634234009068	0.128385261538265	0.589407823962135	group1
0.943248532289628	0.567096980414019	0.128385261538265	0.589407823962135	group1
0.945205479452055	0.562328212549556	0.128385261538265	0.589407823962135	group1
0.947162426614481	0.557297252430735	0.128385261538265	0.589407823962135	group1
0.949119373776908	0.55197195473083	0.128385261538265	0.589407823962135	group1
0.951076320939335	0.546318776794875	0.128385261538265	0.589407823962135	group1
0.953033268101761	0.540250717023063	0.128385261538265	0.589407823962135	group1
0.954990215264188	0.533733727167062	0.128385261538265	0.589407823962135	group1
0.956947162426614	0.526761027609338	0.128385261538265	0.589407823962135	group1
0.958904109589041	0.519295258648674	0.128385261538265	0.589407823962135	group1
0.960861056751468	0.511299497735145	0.128385261538265	0.589407823962135	group1
0.962818003913894	0.502737761408114	0.128385261538265	0.589407823962135	group1
0.964774951076321	0.493575552199032	0.128385261538265	0.589407823962135	group1
0.966731898238747	0.483666590972373	0.128385261538265	0.589407823962135	group1
0.968688845401174	0.473059005509682	0.128385261538265	0.589407823962135	group1
0.970645792563601	0.461758082014125	0.128385261538265	0.589407823962135	group1
0.972602739726027	0.449750079266168	0.128385261538265	0.589407823962135	group1
0.974559686888454	0.437028128043729	0.128385261538265	0.589407823962135	group1
0.976516634050881	0.423592981075999	0.128385261538265	0.589407823962135	group1
0.978473581213307	0.40945084108062	0.128385261538265	0.589407823962135	group1
0.980430528375734	0.394493914940464	0.128385261538265	0.589407823962135	group1
0.98238747553816	0.378904849826744	0.128385261538265	0.589407823962135	group1
0.984344422700587	0.362732682670313	0.128385261538265	0.589407823962135	group1
0.986301369863014	0.346036537711227	0.128385261538265	0.589407823962135	group1
0.98825831702544	0.328885254081031	0.128385261538265	0.589407823962135	group1
0.990215264187867	0.311356880325942	0.128385261538265	0.589407823962135	group1
0.992172211350294	0.293530252808316	0.128385261538265	0.589407823962135	group1
0.99412915851272	0.275514957425803	0.128385261538265	0.589407823962135	group1
0.996086105675147	0.257461624968834	0.128385261538265	0.589407823962135	group1
0.998043052837573	0.239477317762446	0.128385261538265	0.589407823962135	group1
1	0.221669700410065	0.128385261538265	0.589407823962135	group1
