Category	Term	Count	%	PValue	Genes	List Total	Pop Hits	Pop Total	Fold Enrichment	Bonferroni	Benjamini	FDR
UP_KEYWORDS	Alternative splicing	138	49.11032028469751	1.6519817132664222E-5	9584, 4054, 7444, 8896, 254251, 115677, 348094, 116372, 29781, 353174, 1453, 150159, 755, 11066, 10131, 9736, 84167, 10015, 7298, 65018, 221037, 23215, 55052, 653857, 2316, 5708, 2677, 55215, 6238, 51535, 6878, 4216, 8938, 84153, 10190, 11162, 116986, 2175, 7182, 9088, 26019, 10998, 4629, 57404, 140890, 80781, 27102, 79955, 84864, 10352, 6524, 54812, 57409, 8564, 7112, 4000, 2067, 1130, 55630, 3425, 1400, 26146, 10409, 11177, 140545, 90326, 55119, 10123, 84971, 10488, 10643, 9784, 9146, 23526, 6550, 92822, 3320, 245973, 79172, 56172, 2744, 55760, 6709, 60312, 3038, 54675, 79856, 953, 10297, 8602, 58517, 10336, 23080, 4141, 5870, 100128327, 1153, 84904, 23414, 5590, 81888, 26121, 26000, 171568, 55653, 53635, 11154, 3964, 197335, 10861, 79729, 10225, 11083, 4670, 10273, 23101, 143570, 54973, 140459, 10311, 2803, 51747, 9970, 11010, 5499, 57451, 27039, 55152, 9295, 80179, 5928, 2774, 56246, 51477, 109, 54623, 8878, 11138	209	10587	20581	1.2835901030558827	0.004285976805328162	0.004295152454492698	0.004179513734564048
UP_KEYWORDS	Phosphoprotein	113	40.213523131672595	3.7381862932853687E-5	9584, 7444, 2551, 115677, 29781, 26155, 1453, 755, 239, 374395, 10131, 8888, 9736, 84167, 10015, 7298, 8303, 11076, 65018, 221037, 23215, 2316, 5708, 2312, 55215, 6238, 51535, 83860, 6878, 4216, 84153, 10190, 116986, 2175, 7182, 9088, 84617, 26019, 10998, 4629, 57524, 140890, 80781, 27102, 84864, 54812, 7975, 7112, 4000, 1130, 29899, 63935, 1400, 26146, 10409, 11177, 90326, 11333, 55119, 84971, 58506, 10643, 9784, 9146, 23526, 6550, 8694, 8576, 3320, 79172, 9382, 2744, 6709, 60312, 10297, 5216, 8602, 50, 10213, 58517, 23080, 4141, 5870, 1153, 23414, 5590, 3326, 26121, 26000, 55379, 140685, 388697, 53635, 197335, 11083, 4670, 10273, 57448, 1399, 51341, 2803, 51747, 9970, 5499, 57451, 9295, 80179, 5928, 2774, 84138, 109, 54623, 8878	209	8246	20581	1.3494453451115056	0.009672384678272805	0.004859642181270979	0.004728805661005991
GOTERM_BP_DIRECT	GO:0006950~response to stress	7	2.491103202846975	5.372450409155724E-5	3326, 27102, 8303, 10131, 3320, 65018, 8878	185	61	16792	10.415950376606114	0.051595124501392586	0.05297236103427544	0.05297236103427544
GOTERM_CC_DIRECT	GO:0005654~nucleoplasm	50	17.793594306049823	1.2878330826052772E-4	8454, 9584, 2551, 3320, 79172, 29781, 26155, 1453, 515, 10131, 11066, 8602, 8888, 10213, 58517, 8928, 7298, 1153, 221037, 23414, 3292, 5708, 3326, 26121, 55215, 171568, 83860, 51535, 6878, 4670, 10273, 2175, 9088, 7182, 140890, 54973, 54812, 7975, 2803, 51747, 9970, 4000, 5499, 2067, 63935, 9295, 6619, 5928, 8878, 54623	192	2784	18224	1.7046815134099618	0.033927261754353455	0.021406862197131397	0.021406862197131397
GOTERM_CC_DIRECT	GO:0016020~membrane	42	14.94661921708185	1.5975270296366713E-4	23526, 9784, 58191, 4670, 8576, 116986, 3320, 9088, 29781, 57448, 57404, 6709, 54675, 953, 239, 515, 10131, 8602, 5216, 10015, 7112, 4141, 5870, 11010, 65018, 3099, 23215, 5590, 2316, 5708, 51296, 1621, 2677, 3326, 55215, 55379, 6238, 109, 54623, 10488, 3964, 11138	192	2200	18224	1.8120454545454545	0.04191343461136943	0.021406862197131397	0.021406862197131397
GOTERM_MF_DIRECT	GO:0044822~poly(A) RNA binding	27	9.608540925266903	2.800602846272259E-4	11083, 9584, 4670, 3320, 55760, 140890, 26155, 1399, 10131, 8602, 5216, 51106, 58517, 51747, 1153, 23215, 55052, 9295, 2316, 3326, 26121, 55379, 6238, 11333, 55119, 51535, 10643	187	1129	16881	2.1588694741927688	0.09566528184143264	0.08787043956925891	0.08787043956925891
PIR_SUPERFAMILY	PIRSF002583:heat shock protein, HSP90/HTPG types	3	1.0676156583629894	4.358743039598434E-4	3326, 10131, 3320	16	4	1692	79.3125	0.006518203615884288	0.006538114559397651	0.006538114559397651
GOTERM_MF_DIRECT	GO:0000166~nucleotide binding	13	4.6263345195729535	4.895289112493532E-4	9584, 7298, 4670, 1153, 3320, 29899, 9295, 140890, 11066, 109, 8888, 58517, 10643	187	348	16881	3.372257053291536	0.16120077869793936	0.08787043956925891	0.08787043956925891
UP_KEYWORDS	Isopeptide bond	25	8.896797153024911	4.920272622132372E-4	8454, 4670, 11162, 10273, 84617, 51341, 5216, 50, 58517, 51747, 4000, 1052, 23215, 23414, 2316, 5928, 2774, 55215, 140685, 10409, 6238, 51535, 83860, 109, 10643	209	1132	20581	2.174772177794309	0.12011016804754526	0.04264236272514722	0.041494299113316334
GOTERM_MF_DIRECT	GO:0030911~TPR domain binding	3	1.0676156583629894	0.001181460496037611	3326, 10273, 3320	187	5	16881	54.16363636363637	0.345834610582166	0.14138143935916744	0.14138143935916744
UP_KEYWORDS	mRNA splicing	10	3.558718861209965	0.0013560204427301031	9584, 140890, 4670, 26121, 11066, 55119, 58517, 58506, 51747, 9295	209	260	20581	3.7874493927125505	0.2972854915766169	0.061263539032129756	0.05961413605818779
UP_KEYWORDS	Cytoplasm	69	24.555160142348754	0.0013626937266490277	9784, 9146, 7444, 8576, 115677, 3320, 2744, 6709, 60312, 1453, 755, 10297, 239, 8888, 5216, 10015, 58517, 4141, 7298, 11076, 1153, 65018, 5590, 3292, 2316, 3326, 26000, 387885, 55653, 53635, 51535, 4216, 3964, 10190, 11083, 11162, 10273, 116986, 2175, 143570, 84617, 26019, 84817, 57524, 57448, 27102, 54973, 54812, 140459, 2803, 57409, 7112, 9970, 5499, 2067, 29899, 1130, 80179, 1400, 26146, 84138, 140545, 51477, 10123, 84971, 109, 8878, 10488, 10643	209	4816	20581	1.4108563560062948	0.2985053387192651	0.061263539032129756	0.05961413605818779
UP_KEYWORDS	Protein transport	16	5.6939501779359425	0.0014137739776645328	9784, 9146, 5870, 116986, 1130, 9382, 51296, 79856, 84138, 6238, 11154, 54812, 84971, 8888, 10015, 11018	209	610	20581	2.582916307161346	0.30777298288286814	0.061263539032129756	0.05961413605818779
GOTERM_MF_DIRECT	GO:0019904~protein domain specific binding	9	3.202846975088968	0.0021996711233194157	9146, 4670, 7444, 5870, 10409, 2067, 8928, 58506, 5590	187	208	16881	3.9060314685314683	0.5464055351199726	0.19742048331791756	0.19742048331791756
UP_KEYWORDS	Mitochondrion	23	8.185053380782918	0.002210833052735361	8564, 7298, 8303, 7444, 11162, 65018, 10939, 3099, 55052, 384, 80179, 55760, 2744, 81034, 284106, 54675, 755, 10352, 515, 10131, 51106, 84971, 50	209	1119	20581	2.024034617374536	0.43754994702399386	0.08211665624445627	0.0799058231917209
GOTERM_BP_DIRECT	GO:0008380~RNA splicing	8	2.8469750889679712	0.0023796632268095258	9584, 140890, 11066, 55119, 58517, 58506, 51747, 9295	185	166	16792	4.374340605665907	0.9045491799535066	1.0	1.0
UP_KEYWORDS	Neurodegeneration	10	3.558718861209965	0.0030509492610159648	4141, 4000, 10273, 953, 11154, 65018, 10939, 5216, 50, 8878	209	293	20581	3.3608765942159153	0.5481745528683344	0.09276105106800153	0.09026363815463226
UP_KEYWORDS	Nucleus	72	25.622775800711743	0.003210959460046207	9584, 7444, 92822, 8896, 254251, 2551, 115677, 79172, 55760, 29781, 26155, 1453, 11066, 8602, 8888, 58517, 8928, 10336, 7298, 11076, 1153, 221037, 29799, 23414, 26121, 144404, 55215, 140685, 55379, 171568, 53635, 83860, 51535, 6878, 84153, 10190, 11083, 4670, 11162, 10273, 116986, 2175, 143570, 7182, 140890, 51186, 51341, 54973, 79955, 84864, 7975, 51747, 57409, 7112, 9970, 4000, 5499, 2067, 57451, 1052, 63935, 9295, 6619, 5928, 84138, 11177, 55119, 8878, 54623, 10488, 58506, 10643	209	5244	20581	1.3520414308081417	0.5666426790075487	0.09276105106800153	0.09026363815463226
INTERPRO	IPR020575:Heat shock protein Hsp90, N-terminal	3	1.0676156583629894	0.003654102894517484	3326, 10131, 3320	193	9	18559	32.053540587219345	0.8150420350931878	0.971248295212437	0.971248295212437
GOTERM_BP_DIRECT	GO:0009651~response to salt stress	3	1.0676156583629894	0.004086967662522037	8564, 3326, 3320	185	9	16792	30.25585585585586	0.9823674270239248	1.0	1.0
GOTERM_BP_DIRECT	GO:0015031~protein transport	12	4.270462633451958	0.004284144190696211	51296, 79856, 84138, 116986, 6238, 11154, 54812, 1130, 84971, 10015, 9382, 11018	185	395	16792	2.7574957235716733	0.9854946911231746	1.0	1.0
INTERPRO	IPR001404:Heat shock protein Hsp90	3	1.0676156583629894	0.005507172231676483	3326, 10131, 3320	193	11	18559	26.225624116815826	0.9215915042842566	0.971248295212437	0.971248295212437
INTERPRO	IPR012677:Nucleotide-binding, alpha-beta plait	9	3.202846975088968	0.00632048782133907	9584, 140890, 4670, 1153, 11066, 8888, 58517, 10643, 9295	193	264	18559	3.2782030146019783	0.9462274419307041	0.971248295212437	0.971248295212437
SMART	SM00387:HATPase_c	3	1.0676156583629894	0.0064415818626250305	3326, 10131, 3320	114	11	10057	24.05980861244019	0.5119456176560399	0.5458226235157284	0.5458226235157284
GOTERM_CC_DIRECT	GO:0005737~cytoplasm	72	25.622775800711743	0.0064686061923303634	9784, 9146, 7444, 8576, 3320, 55760, 26155, 60312, 3038, 755, 10297, 239, 8888, 5216, 10015, 58517, 4141, 7298, 25917, 11076, 1153, 65018, 23414, 5590, 3292, 2316, 1621, 3326, 387885, 55215, 388697, 51535, 6878, 4216, 10225, 10190, 11083, 10273, 2175, 143570, 84617, 26019, 57524, 147968, 27102, 54973, 84864, 10352, 54812, 140459, 2803, 57409, 7112, 9970, 4000, 5499, 2067, 29899, 1130, 80179, 1400, 26146, 10409, 84138, 51477, 10123, 84971, 109, 8878, 54623, 10488, 10643	192	5222	18224	1.3086939869781693	0.8243422362129709	0.5778621531815125	0.5778621531815125
UP_KEYWORDS	mRNA processing	10	3.558718861209965	0.0068323695370103715	9584, 140890, 4670, 26121, 11066, 55119, 58517, 58506, 51747, 9295	209	332	20581	2.966074825618262	0.8317850123665196	0.17764160796226966	0.17285894928636242
UP_SEQ_FEATURE	compositionally biased region:Arg-rich	7	2.491103202846975	0.007346767423914578	11083, 26146, 11066, 55119, 58517, 58506, 23215	205	167	20063	4.102263765152622	0.9975989286546055	1.0	1.0
UP_SEQ_FEATURE	short sequence motif:Nuclear localization signal	10	3.558718861209965	0.008871690261286078	7112, 11083, 4000, 8896, 2067, 2175, 51535, 29799, 23414, 63935	205	344	20063	2.8450085082246175	0.9993172797824904	1.0	1.0
UP_KEYWORDS	Transport	32	11.387900355871885	0.009261703084329505	9784, 9146, 6550, 116986, 245973, 9382, 56172, 81034, 353174, 79856, 150159, 6524, 515, 54812, 8888, 10015, 5870, 100128327, 1130, 27039, 55630, 51296, 124976, 116444, 84138, 6238, 11154, 10123, 84971, 10861, 11018, 10643	209	1978	20581	1.5931030812623064	0.9110128610415893	0.21891298199324286	0.21301917093957862
INTERPRO	IPR000504:RNA recognition motif domain	8	2.8469750889679712	0.009288695713638995	9584, 140890, 4670, 1153, 11066, 58517, 10643, 9295	193	226	18559	3.4039158145719655	0.986459908457536	1.0	1.0
SMART	SM00360:RRM	8	2.8469750889679712	0.00983464186514826	9584, 140890, 4670, 1153, 11066, 58517, 10643, 9295	114	212	10057	3.329030122476001	0.6661450538890362	0.5458226235157284	0.5458226235157284
GOTERM_MF_DIRECT	GO:0005515~protein binding	114	40.569395017793596	0.009994033343253815	9584, 7444, 8896, 254251, 55281, 2551, 115677, 29781, 26155, 1453, 755, 239, 515, 10131, 9736, 84167, 10015, 8928, 11076, 10939, 65018, 3099, 221037, 55052, 2316, 5708, 2312, 55215, 51535, 83860, 6878, 4216, 10190, 90864, 116986, 2175, 7182, 9088, 26019, 4629, 57524, 140890, 79955, 7975, 57409, 8322, 4000, 2067, 1130, 29899, 1400, 26146, 10409, 11177, 140545, 90326, 10123, 10488, 10643, 9784, 9146, 23526, 8454, 6550, 8694, 92822, 8576, 3320, 79172, 9382, 2744, 55760, 6709, 953, 10297, 5216, 10213, 58517, 10336, 5870, 1153, 84904, 23414, 5590, 81888, 3326, 26121, 144404, 26000, 3964, 197335, 4670, 10273, 84817, 57448, 1399, 51341, 54973, 51106, 92714, 140459, 2803, 51747, 5499, 1052, 55152, 9295, 6619, 5928, 56246, 51477, 54623, 8878, 11018	187	8785	16881	1.171438919646091	0.9728372006157543	0.7175715940456239	0.7175715940456239
UP_SEQ_FEATURE	compositionally biased region:Glu-rich	9	3.202846975088968	0.010252559023070977	51186, 3320, 54623, 26019, 58517, 58506, 23215, 2803, 51747	205	292	20063	3.016488473103909	0.999781752634117	1.0	1.0
UP_SEQ_FEATURE	splice variant	96	34.16370106761566	0.012674472294909155	9146, 9584, 4054, 7444, 92822, 254251, 115677, 3320, 348094, 245973, 79172, 116372, 2744, 55760, 29781, 6709, 353174, 1453, 150159, 953, 755, 10297, 11066, 8602, 9736, 84167, 58517, 10336, 23080, 5870, 692224, 100128327, 65018, 221037, 84904, 23215, 653857, 23414, 2316, 81888, 26121, 26000, 55215, 171568, 55653, 53635, 6238, 51535, 6878, 4216, 197335, 8938, 3964, 84153, 10225, 11083, 4670, 11162, 10273, 116986, 23101, 2175, 143570, 26019, 140890, 80781, 27102, 54973, 79955, 84864, 54812, 2803, 51747, 57409, 8564, 7112, 9970, 4000, 1130, 27039, 55152, 80179, 55630, 26146, 10409, 56246, 11177, 140545, 51477, 90326, 55119, 8878, 54623, 10488, 11138, 10643	205	7760	20063	1.2107417651496102	0.9999705842852927	1.0	1.0
GOTERM_BP_DIRECT	GO:0031396~regulation of protein ubiquitination	3	1.0676156583629894	0.012954604365433458	3326, 3320, 65018	185	16	16792	17.01891891891892	0.9999973914018725	1.0	1.0
UP_KEYWORDS	Nucleotide-binding	29	10.320284697508896	0.013416572707099587	7444, 8576, 116986, 3320, 9088, 84617, 10998, 4629, 55760, 27102, 1453, 953, 10352, 10131, 7975, 4141, 5870, 65018, 10939, 29899, 3099, 653857, 5590, 80179, 3326, 2774, 10123, 109, 4216	209	1788	20581	1.5971682562109975	0.9701604597669375	0.2906924086538244	0.28286607457468294
GOTERM_MF_DIRECT	GO:0098641~cadherin binding involved in cell-cell adhesion	9	3.202846975088968	0.015241503466763616	10190, 2316, 7112, 6709, 3326, 1399, 55379, 1453, 5216	187	290	16881	2.801567398119122	0.9959693467171987	0.911949957428023	0.911949957428023
GOTERM_CC_DIRECT	GO:0005829~cytosol	48	17.08185053380783	0.01571738128590574	23526, 9784, 9146, 8454, 10273, 3320, 245973, 79172, 9088, 26019, 84817, 4629, 2744, 6709, 1399, 1453, 84864, 239, 54812, 5216, 8888, 9736, 10015, 10213, 2803, 8564, 4141, 7298, 9970, 4000, 5870, 5499, 65018, 3099, 5590, 3292, 2316, 5708, 3326, 1400, 26000, 171568, 51477, 84971, 8878, 10488, 3964, 10643	192	3315	18224	1.3743589743589744	0.9856744700085047	0.6677641276406673	0.6677641276406673
UP_SEQ_FEATURE	cross-link:Glycyl lysine isopeptide (Lys-Gly) (interchain with G-Cter in ubiquitin)	8	2.8469750889679712	0.015728809903918863	8454, 5928, 11162, 55215, 140685, 5216, 50, 58517	205	255	20063	3.0703778096604495	0.999997667161826	1.0	1.0
GOTERM_CC_DIRECT	GO:0070062~extracellular exosome	42	14.94661921708185	0.01587229221158496	9146, 6550, 4054, 4670, 10273, 116986, 3320, 245973, 84617, 84817, 4629, 80781, 6709, 1399, 953, 239, 6524, 515, 10131, 5216, 92714, 10015, 10213, 2803, 8322, 8564, 4141, 5870, 5499, 653857, 5590, 55630, 2316, 5708, 3425, 3326, 2774, 388697, 10409, 8878, 3964, 79729	192	2811	18224	1.4181785841337604	0.9862661873687536	0.6677641276406673	0.6677641276406673
GOTERM_BP_DIRECT	GO:0061436~establishment of skin barrier	3	1.0676156583629894	0.016282268996079333	2312, 388697, 239	185	18	16792	15.12792792792793	0.9999999066074139	1.0	1.0
GOTERM_CC_DIRECT	GO:0005681~spliceosomal complex	5	1.7793594306049825	0.01716155908482629	55760, 140890, 4670, 8896, 58517	192	94	18224	5.048758865248227	0.990334774308459	0.6677641276406673	0.6677641276406673
GOTERM_CC_DIRECT	GO:0005913~cell-cell adherens junction	9	3.202846975088968	0.02083567178202226	10190, 2316, 7112, 6709, 3326, 1399, 55379, 1453, 5216	192	323	18224	2.6447368421052633	0.9964576102329691	0.6677641276406673	0.6677641276406673
GOTERM_MF_DIRECT	GO:0002135~CTP binding	2	0.7117437722419928	0.021915851721340168	3326, 3320	187	2	16881	90.27272727272727	0.999649197143804	1.0	1.0
UP_KEYWORDS	Cytoskeleton	20	7.11743772241993	0.022103223741681485	10190, 11083, 9970, 11076, 115677, 29899, 84617, 80179, 2316, 57448, 6709, 1400, 387885, 60312, 26146, 1453, 755, 10297, 5216, 10015	209	1138	20581	1.73064471371751	0.9970064690515713	0.4261108554193576	0.41463864008114415
GOTERM_CC_DIRECT	GO:0005759~mitochondrial matrix	9	3.202846975088968	0.022317540246849815	2744, 7298, 10352, 515, 10131, 51106, 84971, 50, 384	192	327	18224	2.612385321100917	0.9976394306661583	0.6677641276406673	0.6677641276406673
UP_KEYWORDS	Ubl conjugation	27	9.608540925266903	0.022944430676426947	9146, 8454, 4670, 10273, 3320, 57448, 51341, 5216, 58517, 51747, 8322, 4000, 1052, 23215, 23414, 2316, 5928, 3326, 2774, 55215, 140685, 10409, 6238, 51535, 83860, 109, 10643	209	1705	20581	1.5594073159438187	0.997606635765103	0.4261108554193576	0.41463864008114415
UP_KEYWORDS	Methylation	18	6.405693950177936	0.02569508914863891	8454, 7112, 11083, 4670, 4000, 5870, 23215, 57524, 4629, 1400, 26000, 1453, 388697, 11333, 8888, 6878, 10015, 23080	209	1001	20581	1.7707555602292444	0.9988500689389143	0.4393063279824434	0.42747884992137763
UP_KEYWORDS	Mitochondrion outer membrane	5	1.7793594306049825	0.027034235568150364	80179, 8564, 8303, 65018, 3099	209	112	20581	4.396146616541354	0.9991957975993969	0.4393063279824434	0.42747884992137763
GOTERM_CC_DIRECT	GO:0071011~precatalytic spliceosome	3	1.0676156583629894	0.027988324613945455	26121, 11066, 55119	192	25	18224	11.39	0.9995034567913518	0.6677641276406673	0.6677641276406673
GOTERM_BP_DIRECT	GO:0098609~cell-cell adhesion	8	2.8469750889679712	0.02998736397064272	10190, 7112, 6709, 3326, 1399, 55379, 1453, 5216	185	271	16792	2.679485389448489	0.9999999999999083	1.0	1.0
INTERPRO	IPR016024:Armadillo-type fold	9	3.202846975088968	0.030448010659653454	5708, 26155, 10297, 1130, 6878, 9736, 26019, 80185, 57409	193	351	18559	2.465656968247642	0.9999993554183698	1.0	1.0
GOTERM_CC_DIRECT	GO:0048471~perinuclear region of cytoplasm	13	4.6263345195729535	0.030868212983788668	4000, 8576, 11076, 3320, 65018, 26019, 5590, 2316, 1453, 388697, 53635, 10297, 4216	192	621	18224	1.986983360171766	0.9997758180198685	0.6677641276406673	0.6677641276406673
GOTERM_CC_DIRECT	GO:0005768~endosome	7	2.491103202846975	0.03107478182190423	9784, 9146, 57448, 1399, 140545, 10311, 5590	192	225	18224	2.952962962962963	0.9997882665255734	0.6677641276406673	0.6677641276406673
GOTERM_CC_DIRECT	GO:0036457~keratohyalin granule	2	0.7117437722419928	0.031115360906716762	2312, 388697	192	3	18224	63.27777777777778	0.9997906297794239	0.6677641276406673	0.6677641276406673
GOTERM_CC_DIRECT	GO:0005634~nucleus	70	24.91103202846975	0.03239154350495774	9584, 7444, 92822, 8896, 254251, 2551, 115677, 3320, 26155, 1453, 515, 11066, 8602, 8888, 5216, 50, 10213, 8928, 10336, 7298, 11076, 1153, 65018, 221037, 29799, 23414, 2316, 5708, 3326, 2312, 26121, 140685, 388697, 53635, 83860, 6878, 84153, 10190, 11083, 11162, 116986, 2175, 143570, 84617, 7182, 26019, 51186, 51341, 79955, 84864, 54812, 7975, 10311, 51747, 7112, 9970, 4000, 5499, 2067, 57451, 1052, 9295, 6619, 5928, 10409, 84138, 10123, 10488, 58506, 10643	192	5415	18224	1.226992920898738	0.9998529355816851	0.6677641276406673	0.6677641276406673
GOTERM_BP_DIRECT	GO:1903751~negative regulation of intrinsic apoptotic signaling pathway in response to hydrogen peroxide	2	0.7117437722419928	0.03251582048827653	10131, 65018	185	3	16792	60.51171171171172	0.999999999999993	1.0	1.0
GOTERM_MF_DIRECT	GO:0017098~sulfonylurea receptor binding	2	0.7117437722419928	0.032693957747829475	3326, 3320	187	3	16881	60.18181818181817	0.9999934318915935	1.0	1.0
GOTERM_MF_DIRECT	GO:0002134~UTP binding	2	0.7117437722419928	0.032693957747829475	3326, 3320	187	3	16881	60.18181818181817	0.9999934318915935	1.0	1.0
GOTERM_MF_DIRECT	GO:0051020~GTPase binding	3	1.0676156583629894	0.03300242314322317	2316, 3320, 2803	187	26	16881	10.416083916083917	0.9999941424836954	1.0	1.0
UP_SEQ_FEATURE	repeat:27	3	1.0676156583629894	0.03489352265879547	4670, 388697, 6238	205	29	20063	10.124306139613122	0.9999999999997587	1.0	1.0
GOTERM_MF_DIRECT	GO:0001948~glycoprotein binding	4	1.4234875444839856	0.03494008965223148	2316, 3326, 1453, 3320	187	65	16881	5.555244755244755	0.9999971490821836	1.0	1.0
UP_KEYWORDS	Acetylation	46	16.370106761565836	0.03523161615226329	9146, 11083, 9584, 4670, 8896, 3320, 9088, 7182, 9382, 84817, 55760, 2744, 6709, 60312, 515, 10131, 5216, 8888, 50, 10015, 58517, 51747, 7112, 4000, 5870, 5499, 2067, 3099, 1052, 23215, 9295, 2316, 5708, 5928, 2677, 3326, 26121, 284106, 55379, 6238, 11333, 55119, 51535, 83860, 8878, 84153	209	3424	20581	1.3229525332021645	0.9999108756550786	0.5388364823287327	0.5243293462660361
UP_KEYWORDS	RNA-binding	13	4.6263345195729535	0.03839781246062696	4141, 9584, 4670, 25917, 1153, 26019, 9295, 26121, 11066, 51106, 58506, 58517, 10643	209	665	20581	1.9250494657696873	0.9999620846486924	0.5487643715217198	0.5339899461345966
KEGG_PATHWAY	hsa04141:Protein processing in endoplasmic reticulum	6	2.135231316725979	0.03848357994922879	8454, 3326, 27102, 10273, 6238, 3320	77	169	6879	3.1717513255974796	0.9983329718017749	1.0	1.0
UP_SEQ_FEATURE	repeat:26	3	1.0676156583629894	0.03944158837615039	4670, 388697, 6238	205	31	20063	9.471125098347759	0.9999999999999949	1.0	1.0
UP_KEYWORDS	Spliceosome	5	1.7793594306049825	0.04010201176504875	140890, 4670, 26121, 11066, 55119	209	127	20581	3.8769167012018233	0.9999760932145589	0.5487643715217198	0.5339899461345966
INTERPRO	IPR019805:Heat shock protein Hsp90, conserved site	2	0.7117437722419928	0.04074703776171121	3326, 3320	193	4	18559	48.08031088082902	0.9999999953099045	1.0	1.0
UP_KEYWORDS	ATP-binding	22	7.829181494661921	0.04280032615148939	4141, 7444, 8576, 3320, 65018, 10939, 3099, 9088, 653857, 5590, 80179, 10998, 4629, 55760, 3326, 27102, 1453, 953, 10352, 10131, 109, 4216	209	1391	20581	1.557455825040675	0.9999885009778605	0.5564042399693621	0.5414241258163408
INTERPRO	IPR008271:Serine/threonine-protein kinase, active site	8	2.8469750889679712	0.04334648033884538	7444, 27102, 8576, 1453, 65018, 4216, 9088, 5590	193	312	18559	2.4656569682476417	0.9999999986575301	1.0	1.0
GOTERM_MF_DIRECT	GO:0032564~dATP binding	2	0.7117437722419928	0.04335392479599121	3326, 3320	187	4	16881	45.13636363636363	0.9999998770539513	1.0	1.0
INTERPRO	IPR003594:Histidine kinase-like ATPase, ATP-binding domain	3	1.0676156583629894	0.04558530576541624	3326, 10131, 3320	193	33	18559	8.741874705605277	0.9999999995441615	1.0	1.0
UP_SEQ_FEATURE	repeat:25	3	1.0676156583629894	0.04665592923812588	4670, 388697, 6238	205	34	20063	8.635437589670016	1.0	1.0	1.0
UP_SEQ_FEATURE	repeat:24	3	1.0676156583629894	0.04665592923812588	4670, 388697, 6238	205	34	20063	8.635437589670016	1.0	1.0	1.0
GOTERM_BP_DIRECT	GO:0006397~mRNA processing	6	2.135231316725979	0.04736347600829569	9584, 140890, 55119, 58517, 58506, 9295	185	179	16792	3.0424882983542205	1.0	1.0	1.0
UP_SEQ_FEATURE	domain:RRM	5	1.7793594306049825	0.04918509203887609	140890, 1153, 11066, 58517, 9295	205	135	20063	3.624751580849142	1.0	1.0	1.0
GOTERM_MF_DIRECT	GO:0003729~mRNA binding	5	1.7793594306049825	0.049549316855456174	7298, 3320, 11066, 58517, 51747	187	125	16881	3.610909090909091	0.999999988067765	1.0	1.0
GOTERM_BP_DIRECT	GO:0006511~ubiquitin-dependent protein catabolic process	6	2.135231316725979	0.05049622897898282	8454, 10273, 65018, 9736, 8878, 10213	185	182	16792	2.992337392337393	1.0	1.0	1.0
GOTERM_BP_DIRECT	GO:0072656~maintenance of protein location in mitochondrion	2	0.7117437722419928	0.05360663454959327	65018, 3099	185	5	16792	36.307027027027026	1.0	1.0	1.0
UP_SEQ_FEATURE	repeat:23	3	1.0676156583629894	0.05431041109726048	4670, 388697, 6238	205	37	20063	7.935266974291365	1.0	1.0	1.0
GOTERM_CC_DIRECT	GO:0005669~transcription factor TFIID complex	3	1.0676156583629894	0.05455538877461066	2067, 83860, 6878	192	36	18224	7.909722222222221	0.9999997045579269	1.0	1.0
GOTERM_BP_DIRECT	GO:0016055~Wnt signaling pathway	6	2.135231316725979	0.05505385951438384	8322, 8454, 1453, 10297, 9736, 54623	185	187	16792	2.912328371151901	1.0	1.0	1.0
GOTERM_BP_DIRECT	GO:0000422~mitophagy	3	1.0676156583629894	0.056121878152134055	65018, 84971, 8878	185	35	16792	7.780077220077221	1.0	1.0	1.0
GOTERM_CC_DIRECT	GO:0015630~microtubule cytoskeleton	5	1.7793594306049825	0.056191489361107565	9584, 6709, 10297, 1130, 63935	192	137	18224	3.4641119221411194	0.9999998142698939	1.0	1.0
GOTERM_BP_DIRECT	GO:0006366~transcription from RNA polymerase II promoter	11	3.9145907473309607	0.05637134829330656	6619, 8576, 2551, 254251, 7975, 83860, 6878, 1052, 10488, 8928, 58506	185	513	16792	1.9462831252304937	1.0	1.0	1.0
UP_SEQ_FEATURE	transit peptide:Mitochondrion	10	3.558718861209965	0.05857971946311508	2744, 284106, 10352, 515, 10131, 65018, 51106, 50, 55052, 384	205	482	20063	2.0304625037951625	1.0	1.0	1.0
KEGG_PATHWAY	hsa03040:Spliceosome	5	1.7793594306049825	0.05900588469148749	4670, 26121, 8896, 55119, 58517	77	133	6879	3.3585587344985837	0.999950493078555	1.0	1.0
UP_SEQ_FEATURE	binding site:ATP	11	3.9145907473309607	0.05957499091691026	4141, 7444, 27102, 8576, 1453, 10131, 65018, 3099, 4216, 9088, 5590	205	558	20063	1.929303260774543	1.0	1.0	1.0
UP_KEYWORDS	Actin-binding	7	2.491103202846975	0.06024795093104832	80179, 4629, 2316, 6709, 60312, 5216, 653857	209	274	20581	2.5157510564733	0.9999999037383841	0.7459270115272649	0.7258443612169155
GOTERM_CC_DIRECT	GO:0016607~nuclear speck	6	2.135231316725979	0.060838137177439126	9584, 4000, 26121, 10409, 58517, 51747	192	201	18224	2.833333333333333	0.9999999505188006	1.0	1.0
GOTERM_BP_DIRECT	GO:0050821~protein stabilization	5	1.7793594306049825	0.06262416247008953	2316, 3326, 3320, 65018, 5216	185	136	16792	3.337042925278219	1.0	1.0	1.0
GOTERM_BP_DIRECT	GO:0072655~establishment of protein localization to mitochondrion	2	0.7117437722419928	0.0639799221664282	65018, 3099	185	6	16792	30.25585585585586	1.0	1.0	1.0
UP_SEQ_FEATURE	repeat:22	3	1.0676156583629894	0.06514445618608122	4670, 388697, 6238	205	41	20063	7.161094586555622	1.0	1.0	1.0
UP_KEYWORDS	Coiled coil	40	14.23487544483986	0.06557208320377911	10190, 23526, 9146, 10273, 115677, 3320, 245973, 79172, 143570, 26019, 4629, 6709, 27102, 60312, 10297, 515, 7975, 8602, 8888, 2803, 51747, 7112, 4000, 221037, 27039, 23215, 2312, 26121, 26000, 144404, 387885, 55379, 26146, 6238, 11177, 55119, 54623, 79729, 11018, 11138	209	3036	20581	1.297413494209833	0.9999999780259927	0.7749428014992077	0.7540789568434597
UP_SEQ_FEATURE	repeat:21	3	1.0676156583629894	0.07080986384334209	4670, 388697, 6238	205	43	20063	6.828020419739082	1.0	1.0	1.0
GOTERM_BP_DIRECT	GO:0006418~tRNA aminoacylation for protein translation	3	1.0676156583629894	0.0710318533609933	4141, 10352, 55152	185	40	16792	6.807567567567568	1.0	1.0	1.0
GOTERM_CC_DIRECT	GO:0005741~mitochondrial outer membrane	5	1.7793594306049825	0.07104292082916455	80179, 8564, 8303, 65018, 3099	192	149	18224	3.1851230425055927	0.999999997352513	1.0	1.0
KEGG_PATHWAY	hsa04914:Progesterone-mediated oocyte maturation	4	1.4234875444839856	0.07110069201986569	3326, 3320, 109, 9088	77	87	6879	4.107478728168384	0.9999939898098629	1.0	1.0
GOTERM_CC_DIRECT	GO:0043209~myelin sheath	5	1.7793594306049825	0.07587753416309234	11076, 515, 3320, 50, 10015	192	152	18224	3.1222587719298245	0.9999999993460966	1.0	1.0
INTERPRO	IPR020568:Ribosomal protein S5 domain 2-type fold	3	1.0676156583629894	0.07592005673105519	3326, 10131, 3320	193	44	18559	6.5564060292039565	0.9999999999999999	1.0	1.0
GOTERM_BP_DIRECT	GO:0035556~intracellular signal transduction	9	3.202846975088968	0.07624336824615294	23526, 1399, 90864, 65018, 109, 4216, 140459, 8878, 5590	185	403	16792	2.0270672657769433	1.0	1.0	1.0
GOTERM_CC_DIRECT	GO:0005815~microtubule organizing center	5	1.7793594306049825	0.07742152731910645	9584, 57448, 1400, 10015, 5590	192	153	18224	3.101851851851852	0.9999999995822766	1.0	1.0
UP_SEQ_FEATURE	repeat:10	4	1.4234875444839856	0.07825437102542321	4670, 388697, 6238, 9295	205	98	20063	3.9946241911398706	1.0	1.0	1.0
UP_KEYWORDS	Repressor	11	3.9145907473309607	0.07877808282601607	5928, 26155, 51341, 1153, 7975, 57451, 51535, 10488, 7182, 10336, 23414	209	592	20581	1.829747510668563	0.9999999994571147	0.876198664650984	0.8526087006026881
UP_SEQ_FEATURE	repeat:20	3	1.0676156583629894	0.0795937216322942	4670, 388697, 6238	205	46	20063	6.382714740190881	1.0	1.0	1.0
GOTERM_BP_DIRECT	GO:0060071~Wnt signaling pathway, planar cell polarity pathway	4	1.4234875444839856	0.08027007703762253	8322, 5708, 5216, 10213	185	92	16792	3.9464159811985904	1.0	1.0	1.0
UP_KEYWORDS	Stress response	4	1.4234875444839856	0.0808798767370139	3326, 1153, 10131, 3320	209	100	20581	3.9389473684210525	0.9999999997002278	0.876198664650984	0.8526087006026881
GOTERM_MF_DIRECT	GO:0046332~SMAD binding	3	1.0676156583629894	0.08129156954471402	2316, 10273, 8928	187	43	16881	6.298097251585625	0.9999999999999396	1.0	1.0
UP_SEQ_FEATURE	repeat:5	5	1.7793594306049825	0.0827181051276373	4670, 388697, 10297, 6238, 9295	205	161	20063	3.0393879715194667	1.0	1.0	1.0
GOTERM_BP_DIRECT	GO:0031497~chromatin assembly	2	0.7117437722419928	0.08438845668866204	5928, 26155	185	8	16792	22.691891891891895	1.0	1.0	1.0
GOTERM_MF_DIRECT	GO:0030235~nitric-oxide synthase regulator activity	2	0.7117437722419928	0.08483795464319169	3326, 3320	187	8	16881	22.568181818181817	0.9999999999999849	1.0	1.0
KEGG_PATHWAY	hsa04390:Hippo signaling pathway	5	1.7793594306049825	0.0852413532141359	8322, 1453, 5499, 10297, 5590	77	151	6879	2.958200739657693	0.999999506867861	1.0	1.0
UP_SEQ_FEATURE	repeat:19	3	1.0676156583629894	0.08562786976593026	4670, 388697, 6238	205	48	20063	6.116768292682927	1.0	1.0	1.0
UP_SEQ_FEATURE	repeat:18	3	1.0676156583629894	0.0886953687849622	4670, 388697, 6238	205	49	20063	5.991936286709806	1.0	1.0	1.0
GOTERM_CC_DIRECT	GO:0042470~melanosome	4	1.4234875444839856	0.08989790995876903	4629, 3326, 3320, 10015	192	101	18224	3.7590759075907587	0.999999999989132	1.0	1.0
GOTERM_CC_DIRECT	GO:0005743~mitochondrial inner membrane	9	3.202846975088968	0.09321612188024173	8564, 7298, 81034, 54675, 515, 10131, 65018, 10939, 55052	192	441	18224	1.9370748299319727	0.9999999999959167	1.0	1.0
UP_KEYWORDS	Transit peptide	10	3.558718861209965	0.09505985611244827	2744, 284106, 10352, 515, 10131, 65018, 51106, 50, 55052, 384	209	536	20581	1.8371956009426553	0.9999999999947379	0.988622503569462	0.9620057438579764
UP_SEQ_FEATURE	repeat:9	4	1.4234875444839856	0.09574867233482996	4670, 388697, 6238, 9295	205	107	20063	3.658627763847732	1.0	1.0	1.0
KEGG_PATHWAY	hsa04915:Estrogen signaling pathway	4	1.4234875444839856	0.09598095368639768	3326, 3320, 109, 10488	77	99	6879	3.6096025186934284	0.99999992806411	1.0	1.0
GOTERM_BP_DIRECT	GO:0000398~mRNA splicing, via spliceosome	6	2.135231316725979	0.09796853723522886	55760, 4670, 26121, 8896, 11066, 9295	185	222	16792	2.4531775018261506	1.0	1.0	1.0
UP_SEQ_FEATURE	zinc finger region:PHD-type	3	1.0676156583629894	0.09808782455238882	11083, 11177, 83860	205	52	20063	5.646247654784241	1.0	1.0	1.0
INTERPRO	IPR003890:MIF4G-like, type 3	2	0.7117437722419928	0.09879097844016661	26019, 57409	193	10	18559	19.232124352331606	1.0	1.0	1.0
GOTERM_MF_DIRECT	GO:0005524~ATP binding	23	8.185053380782918	0.09935888155547506	4141, 7444, 8576, 3320, 65018, 10939, 3099, 9088, 55152, 653857, 5590, 80179, 10998, 4629, 55760, 3326, 27102, 1453, 953, 10352, 10131, 109, 4216	187	1495	16881	1.388811188811189	1.0	1.0	1.0
GOTERM_CC_DIRECT	GO:0031526~brush border membrane	3	1.0676156583629894	0.09986137385431135	6550, 3326, 3320	192	51	18224	5.583333333333334	0.9999999999994312	1.0	1.0
