Annotation Cluster 1	Enrichment Score: 2.4170216942969516
Category	Term	Count	%	PValue	Genes	List Total	Pop Hits	Pop Total	Fold Enrichment	Bonferroni	Benjamini	FDR
UP_KEYWORDS	Protein transport	16	5.6939501779359425	0.0014137739776645328	9784, 9146, 5870, 116986, 1130, 9382, 51296, 79856, 84138, 6238, 11154, 54812, 84971, 8888, 10015, 11018	209	610	20581	2.582916307161346	0.30777298288286814	0.061263539032129756	0.05961413605818779
GOTERM_BP_DIRECT	GO:0015031~protein transport	12	4.270462633451958	0.004284144190696211	51296, 79856, 84138, 116986, 6238, 11154, 54812, 1130, 84971, 10015, 9382, 11018	185	395	16792	2.7574957235716733	0.9854946911231746	1.0	1.0
UP_KEYWORDS	Transport	32	11.387900355871885	0.009261703084329505	9784, 9146, 6550, 116986, 245973, 9382, 56172, 81034, 353174, 79856, 150159, 6524, 515, 54812, 8888, 10015, 5870, 100128327, 1130, 27039, 55630, 51296, 124976, 116444, 84138, 6238, 11154, 10123, 84971, 10861, 11018, 10643	209	1978	20581	1.5931030812623064	0.9110128610415893	0.21891298199324286	0.21301917093957862

Annotation Cluster 2	Enrichment Score: 1.7667017628916661
Category	Term	Count	%	PValue	Genes	List Total	Pop Hits	Pop Total	Fold Enrichment	Bonferroni	Benjamini	FDR
GOTERM_BP_DIRECT	GO:0006950~response to stress	7	2.491103202846975	5.372450409155724E-5	3326, 27102, 8303, 10131, 3320, 65018, 8878	185	61	16792	10.415950376606114	0.051595124501392586	0.05297236103427544	0.05297236103427544
PIR_SUPERFAMILY	PIRSF002583:heat shock protein, HSP90/HTPG types	3	1.0676156583629894	4.358743039598434E-4	3326, 10131, 3320	16	4	1692	79.3125	0.006518203615884288	0.006538114559397651	0.006538114559397651
INTERPRO	IPR020575:Heat shock protein Hsp90, N-terminal	3	1.0676156583629894	0.003654102894517484	3326, 10131, 3320	193	9	18559	32.053540587219345	0.8150420350931878	0.971248295212437	0.971248295212437
INTERPRO	IPR001404:Heat shock protein Hsp90	3	1.0676156583629894	0.005507172231676483	3326, 10131, 3320	193	11	18559	26.225624116815826	0.9215915042842566	0.971248295212437	0.971248295212437
SMART	SM00387:HATPase_c	3	1.0676156583629894	0.0064415818626250305	3326, 10131, 3320	114	11	10057	24.05980861244019	0.5119456176560399	0.5458226235157284	0.5458226235157284
INTERPRO	IPR003594:Histidine kinase-like ATPase, ATP-binding domain	3	1.0676156583629894	0.04558530576541624	3326, 10131, 3320	193	33	18559	8.741874705605277	0.9999999995441615	1.0	1.0
INTERPRO	IPR020568:Ribosomal protein S5 domain 2-type fold	3	1.0676156583629894	0.07592005673105519	3326, 10131, 3320	193	44	18559	6.5564060292039565	0.9999999999999999	1.0	1.0
UP_KEYWORDS	Stress response	4	1.4234875444839856	0.0808798767370139	3326, 1153, 10131, 3320	209	100	20581	3.9389473684210525	0.9999999997002278	0.876198664650984	0.8526087006026881
GOTERM_MF_DIRECT	GO:0051082~unfolded protein binding	4	1.4234875444839856	0.12159659663440484	3326, 10131, 3320, 10939	187	110	16881	3.2826446280991735	1.0	1.0	1.0
GOTERM_BP_DIRECT	GO:0006457~protein folding	3	1.0676156583629894	0.5891568023959189	3326, 10131, 3320	185	180	16792	1.5127927927927929	1.0	1.0	1.0
UP_KEYWORDS	Chaperone	3	1.0676156583629894	0.6051607765301621	3326, 10131, 3320	209	201	20581	1.4697564807541241	1.0	1.0	0.9768339768339769

Annotation Cluster 3	Enrichment Score: 1.6737421307890976
Category	Term	Count	%	PValue	Genes	List Total	Pop Hits	Pop Total	Fold Enrichment	Bonferroni	Benjamini	FDR
GOTERM_MF_DIRECT	GO:0098641~cadherin binding involved in cell-cell adhesion	9	3.202846975088968	0.015241503466763616	10190, 2316, 7112, 6709, 3326, 1399, 55379, 1453, 5216	187	290	16881	2.801567398119122	0.9959693467171987	0.911949957428023	0.911949957428023
GOTERM_CC_DIRECT	GO:0005913~cell-cell adherens junction	9	3.202846975088968	0.02083567178202226	10190, 2316, 7112, 6709, 3326, 1399, 55379, 1453, 5216	192	323	18224	2.6447368421052633	0.9964576102329691	0.6677641276406673	0.6677641276406673
GOTERM_BP_DIRECT	GO:0098609~cell-cell adhesion	8	2.8469750889679712	0.02998736397064272	10190, 7112, 6709, 3326, 1399, 55379, 1453, 5216	185	271	16792	2.679485389448489	0.9999999999999083	1.0	1.0

Annotation Cluster 4	Enrichment Score: 1.5621880852405234
Category	Term	Count	%	PValue	Genes	List Total	Pop Hits	Pop Total	Fold Enrichment	Bonferroni	Benjamini	FDR
GOTERM_MF_DIRECT	GO:0000166~nucleotide binding	13	4.6263345195729535	4.895289112493532E-4	9584, 7298, 4670, 1153, 3320, 29899, 9295, 140890, 11066, 109, 8888, 58517, 10643	187	348	16881	3.372257053291536	0.16120077869793936	0.08787043956925891	0.08787043956925891
UP_KEYWORDS	mRNA splicing	10	3.558718861209965	0.0013560204427301031	9584, 140890, 4670, 26121, 11066, 55119, 58517, 58506, 51747, 9295	209	260	20581	3.7874493927125505	0.2972854915766169	0.061263539032129756	0.05961413605818779
GOTERM_BP_DIRECT	GO:0008380~RNA splicing	8	2.8469750889679712	0.0023796632268095258	9584, 140890, 11066, 55119, 58517, 58506, 51747, 9295	185	166	16792	4.374340605665907	0.9045491799535066	1.0	1.0
INTERPRO	IPR012677:Nucleotide-binding, alpha-beta plait	9	3.202846975088968	0.00632048782133907	9584, 140890, 4670, 1153, 11066, 8888, 58517, 10643, 9295	193	264	18559	3.2782030146019783	0.9462274419307041	0.971248295212437	0.971248295212437
UP_KEYWORDS	mRNA processing	10	3.558718861209965	0.0068323695370103715	9584, 140890, 4670, 26121, 11066, 55119, 58517, 58506, 51747, 9295	209	332	20581	2.966074825618262	0.8317850123665196	0.17764160796226966	0.17285894928636242
INTERPRO	IPR000504:RNA recognition motif domain	8	2.8469750889679712	0.009288695713638995	9584, 140890, 4670, 1153, 11066, 58517, 10643, 9295	193	226	18559	3.4039158145719655	0.986459908457536	1.0	1.0
SMART	SM00360:RRM	8	2.8469750889679712	0.00983464186514826	9584, 140890, 4670, 1153, 11066, 58517, 10643, 9295	114	212	10057	3.329030122476001	0.6661450538890362	0.5458226235157284	0.5458226235157284
GOTERM_CC_DIRECT	GO:0005681~spliceosomal complex	5	1.7793594306049825	0.01716155908482629	55760, 140890, 4670, 8896, 58517	192	94	18224	5.048758865248227	0.990334774308459	0.6677641276406673	0.6677641276406673
UP_KEYWORDS	RNA-binding	13	4.6263345195729535	0.03839781246062696	4141, 9584, 4670, 25917, 1153, 26019, 9295, 26121, 11066, 51106, 58506, 58517, 10643	209	665	20581	1.9250494657696873	0.9999620846486924	0.5487643715217198	0.5339899461345966
UP_KEYWORDS	Spliceosome	5	1.7793594306049825	0.04010201176504875	140890, 4670, 26121, 11066, 55119	209	127	20581	3.8769167012018233	0.9999760932145589	0.5487643715217198	0.5339899461345966
GOTERM_BP_DIRECT	GO:0006397~mRNA processing	6	2.135231316725979	0.04736347600829569	9584, 140890, 55119, 58517, 58506, 9295	185	179	16792	3.0424882983542205	1.0	1.0	1.0
UP_SEQ_FEATURE	domain:RRM	5	1.7793594306049825	0.04918509203887609	140890, 1153, 11066, 58517, 9295	205	135	20063	3.624751580849142	1.0	1.0	1.0
KEGG_PATHWAY	hsa03040:Spliceosome	5	1.7793594306049825	0.05900588469148749	4670, 26121, 8896, 55119, 58517	77	133	6879	3.3585587344985837	0.999950493078555	1.0	1.0
GOTERM_BP_DIRECT	GO:0000398~mRNA splicing, via spliceosome	6	2.135231316725979	0.09796853723522886	55760, 4670, 26121, 8896, 11066, 9295	185	222	16792	2.4531775018261506	1.0	1.0	1.0
UP_SEQ_FEATURE	domain:RRM 1	3	1.0676156583629894	0.363651846255551	9584, 4670, 10643	205	125	20063	2.348839024390244	1.0	1.0	1.0
UP_SEQ_FEATURE	domain:RRM 2	3	1.0676156583629894	0.363651846255551	9584, 4670, 10643	205	125	20063	2.348839024390244	1.0	1.0	1.0
GOTERM_MF_DIRECT	GO:0003723~RNA binding	8	2.8469750889679712	0.39808712689777426	9584, 4670, 25917, 1153, 26019, 58506, 57409, 10643	187	547	16881	1.3202592654146585	1.0	1.0	1.0
GOTERM_MF_DIRECT	GO:0003676~nucleic acid binding	11	3.9145907473309607	0.650700341435591	9584, 140890, 92822, 140685, 1153, 90326, 11066, 58517, 23414, 10643, 9295	187	985	16881	1.0081218274111674	1.0	1.0	1.0

Annotation Cluster 5	Enrichment Score: 1.428379941712704
Category	Term	Count	%	PValue	Genes	List Total	Pop Hits	Pop Total	Fold Enrichment	Bonferroni	Benjamini	FDR
UP_KEYWORDS	Mitochondrion	23	8.185053380782918	0.002210833052735361	8564, 7298, 8303, 7444, 11162, 65018, 10939, 3099, 55052, 384, 80179, 55760, 2744, 81034, 284106, 54675, 755, 10352, 515, 10131, 51106, 84971, 50	209	1119	20581	2.024034617374536	0.43754994702399386	0.08211665624445627	0.0799058231917209
GOTERM_CC_DIRECT	GO:0005759~mitochondrial matrix	9	3.202846975088968	0.022317540246849815	2744, 7298, 10352, 515, 10131, 51106, 84971, 50, 384	192	327	18224	2.612385321100917	0.9976394306661583	0.6677641276406673	0.6677641276406673
UP_SEQ_FEATURE	transit peptide:Mitochondrion	10	3.558718861209965	0.05857971946311508	2744, 284106, 10352, 515, 10131, 65018, 51106, 50, 55052, 384	205	482	20063	2.0304625037951625	1.0	1.0	1.0
GOTERM_CC_DIRECT	GO:0005743~mitochondrial inner membrane	9	3.202846975088968	0.09321612188024173	8564, 7298, 81034, 54675, 515, 10131, 65018, 10939, 55052	192	441	18224	1.9370748299319727	0.9999999999959167	1.0	1.0
UP_KEYWORDS	Transit peptide	10	3.558718861209965	0.09505985611244827	2744, 284106, 10352, 515, 10131, 65018, 51106, 50, 55052, 384	209	536	20581	1.8371956009426553	0.9999999999947379	0.988622503569462	0.9620057438579764
GOTERM_CC_DIRECT	GO:0005739~mitochondrion	20	7.11743772241993	0.10502256073696778	7298, 11162, 116986, 65018, 10939, 55052, 384, 80179, 55760, 2744, 3326, 81034, 284106, 54675, 755, 515, 10131, 51106, 8602, 50	192	1331	18224	1.4262459303781618	0.9999999999998782	1.0	1.0

Annotation Cluster 6	Enrichment Score: 1.0941413860641351
Category	Term	Count	%	PValue	Genes	List Total	Pop Hits	Pop Total	Fold Enrichment	Bonferroni	Benjamini	FDR
GOTERM_BP_DIRECT	GO:0016055~Wnt signaling pathway	6	2.135231316725979	0.05505385951438384	8322, 8454, 1453, 10297, 9736, 54623	185	187	16792	2.912328371151901	1.0	1.0	1.0
KEGG_PATHWAY	hsa04390:Hippo signaling pathway	5	1.7793594306049825	0.0852413532141359	8322, 1453, 5499, 10297, 5590	77	151	6879	2.958200739657693	0.999999506867861	1.0	1.0
UP_KEYWORDS	Wnt signaling pathway	5	1.7793594306049825	0.11120843675068036	8322, 1453, 10297, 9736, 54623	209	181	20581	2.720267519627799	0.9999999999999513	1.0	0.9768339768339769

Annotation Cluster 7	Enrichment Score: 1.0368277293224872
Category	Term	Count	%	PValue	Genes	List Total	Pop Hits	Pop Total	Fold Enrichment	Bonferroni	Benjamini	FDR
GOTERM_MF_DIRECT	GO:0001948~glycoprotein binding	4	1.4234875444839856	0.03494008965223148	2316, 3326, 1453, 3320	187	65	16881	5.555244755244755	0.9999971490821836	1.0	1.0
GOTERM_BP_DIRECT	GO:0050821~protein stabilization	5	1.7793594306049825	0.06262416247008953	2316, 3326, 3320, 65018, 5216	185	136	16792	3.337042925278219	1.0	1.0	1.0
GOTERM_MF_DIRECT	GO:0044325~ion channel binding	3	1.0676156583629894	0.35436503712216216	2316, 3326, 3320	187	113	16881	2.396621078037007	1.0	1.0	1.0

Annotation Cluster 8	Enrichment Score: 0.9624043501890261
Category	Term	Count	%	PValue	Genes	List Total	Pop Hits	Pop Total	Fold Enrichment	Bonferroni	Benjamini	FDR
UP_SEQ_FEATURE	repeat:27	3	1.0676156583629894	0.03489352265879547	4670, 388697, 6238	205	29	20063	10.124306139613122	0.9999999999997587	1.0	1.0
UP_SEQ_FEATURE	repeat:26	3	1.0676156583629894	0.03944158837615039	4670, 388697, 6238	205	31	20063	9.471125098347759	0.9999999999999949	1.0	1.0
UP_SEQ_FEATURE	repeat:24	3	1.0676156583629894	0.04665592923812588	4670, 388697, 6238	205	34	20063	8.635437589670016	1.0	1.0	1.0
UP_SEQ_FEATURE	repeat:25	3	1.0676156583629894	0.04665592923812588	4670, 388697, 6238	205	34	20063	8.635437589670016	1.0	1.0	1.0
UP_SEQ_FEATURE	repeat:23	3	1.0676156583629894	0.05431041109726048	4670, 388697, 6238	205	37	20063	7.935266974291365	1.0	1.0	1.0
UP_SEQ_FEATURE	repeat:22	3	1.0676156583629894	0.06514445618608122	4670, 388697, 6238	205	41	20063	7.161094586555622	1.0	1.0	1.0
UP_SEQ_FEATURE	repeat:21	3	1.0676156583629894	0.07080986384334209	4670, 388697, 6238	205	43	20063	6.828020419739082	1.0	1.0	1.0
UP_SEQ_FEATURE	repeat:10	4	1.4234875444839856	0.07825437102542321	4670, 388697, 6238, 9295	205	98	20063	3.9946241911398706	1.0	1.0	1.0
UP_SEQ_FEATURE	repeat:20	3	1.0676156583629894	0.0795937216322942	4670, 388697, 6238	205	46	20063	6.382714740190881	1.0	1.0	1.0
UP_SEQ_FEATURE	repeat:5	5	1.7793594306049825	0.0827181051276373	4670, 388697, 10297, 6238, 9295	205	161	20063	3.0393879715194667	1.0	1.0	1.0
UP_SEQ_FEATURE	repeat:19	3	1.0676156583629894	0.08562786976593026	4670, 388697, 6238	205	48	20063	6.116768292682927	1.0	1.0	1.0
UP_SEQ_FEATURE	repeat:18	3	1.0676156583629894	0.0886953687849622	4670, 388697, 6238	205	49	20063	5.991936286709806	1.0	1.0	1.0
UP_SEQ_FEATURE	repeat:9	4	1.4234875444839856	0.09574867233482996	4670, 388697, 6238, 9295	205	107	20063	3.658627763847732	1.0	1.0	1.0
UP_SEQ_FEATURE	repeat:17	3	1.0676156583629894	0.11101930954352883	4670, 388697, 6238	205	56	20063	5.242944250871081	1.0	1.0	1.0
UP_SEQ_FEATURE	repeat:16	3	1.0676156583629894	0.1277597922208371	4670, 388697, 6238	205	61	20063	4.813194722111156	1.0	1.0	1.0
UP_SEQ_FEATURE	repeat:4	5	1.7793594306049825	0.13246518466685803	4670, 388697, 10297, 6238, 9295	205	192	20063	2.548653455284553	1.0	1.0	1.0
UP_SEQ_FEATURE	repeat:8	4	1.4234875444839856	0.1325833197031343	4670, 388697, 6238, 9295	205	124	20063	3.1570416994492527	1.0	1.0	1.0
UP_SEQ_FEATURE	repeat:7	4	1.4234875444839856	0.15379848152064068	4670, 388697, 6238, 9295	205	133	20063	2.9434072987346416	1.0	1.0	1.0
UP_SEQ_FEATURE	repeat:15	3	1.0676156583629894	0.1735958479307243	4670, 388697, 6238	205	74	20063	3.9676334871456826	1.0	1.0	1.0
UP_SEQ_FEATURE	repeat:6	4	1.4234875444839856	0.18996341393423302	4670, 388697, 6238, 9295	205	147	20063	2.663082794093247	1.0	1.0	1.0
UP_SEQ_FEATURE	repeat:14	3	1.0676156583629894	0.19555456612263103	4670, 388697, 6238	205	80	20063	3.6700609756097564	1.0	1.0	1.0
UP_SEQ_FEATURE	repeat:3	5	1.7793594306049825	0.19609515674750994	4670, 388697, 10297, 6238, 9295	205	225	20063	2.1748509485094853	1.0	1.0	1.0
UP_SEQ_FEATURE	repeat:13	3	1.0676156583629894	0.21038021197749804	4670, 388697, 6238	205	84	20063	3.4952961672473872	1.0	1.0	1.0
UP_SEQ_FEATURE	repeat:12	3	1.0676156583629894	0.2178356880356543	4670, 388697, 6238	205	86	20063	3.414010209869541	1.0	1.0	1.0
UP_SEQ_FEATURE	repeat:11	3	1.0676156583629894	0.22906060495392178	4670, 388697, 6238	205	89	20063	3.2989312140312412	1.0	1.0	1.0
UP_SEQ_FEATURE	repeat:1	5	1.7793594306049825	0.26562121737173255	4670, 388697, 10297, 6238, 9295	205	257	20063	1.9040523868273702	1.0	1.0	1.0
UP_SEQ_FEATURE	repeat:2	5	1.7793594306049825	0.2725535705697219	4670, 388697, 10297, 6238, 9295	205	260	20063	1.8820825515947468	1.0	1.0	1.0

Annotation Cluster 9	Enrichment Score: 0.8408697561037057
Category	Term	Count	%	PValue	Genes	List Total	Pop Hits	Pop Total	Fold Enrichment	Bonferroni	Benjamini	FDR
KEGG_PATHWAY	hsa04914:Progesterone-mediated oocyte maturation	4	1.4234875444839856	0.07110069201986569	3326, 3320, 109, 9088	77	87	6879	4.107478728168384	0.9999939898098629	1.0	1.0
KEGG_PATHWAY	hsa04915:Estrogen signaling pathway	4	1.4234875444839856	0.09598095368639768	3326, 3320, 109, 10488	77	99	6879	3.6096025186934284	0.99999992806411	1.0	1.0
KEGG_PATHWAY	hsa05200:Pathways in cancer	6	2.135231316725979	0.4398775962144762	8322, 3326, 1399, 10297, 3320, 109	77	393	6879	1.3639337761475165	1.0	1.0	1.0

Annotation Cluster 10	Enrichment Score: 0.7436126756058847
Category	Term	Count	%	PValue	Genes	List Total	Pop Hits	Pop Total	Fold Enrichment	Bonferroni	Benjamini	FDR
UP_KEYWORDS	Nucleotide-binding	29	10.320284697508896	0.013416572707099587	7444, 8576, 116986, 3320, 9088, 84617, 10998, 4629, 55760, 27102, 1453, 953, 10352, 10131, 7975, 4141, 5870, 65018, 10939, 29899, 3099, 653857, 5590, 80179, 3326, 2774, 10123, 109, 4216	209	1788	20581	1.5971682562109975	0.9701604597669375	0.2906924086538244	0.28286607457468294
UP_KEYWORDS	ATP-binding	22	7.829181494661921	0.04280032615148939	4141, 7444, 8576, 3320, 65018, 10939, 3099, 9088, 653857, 5590, 80179, 10998, 4629, 55760, 3326, 27102, 1453, 953, 10352, 10131, 109, 4216	209	1391	20581	1.557455825040675	0.9999885009778605	0.5564042399693621	0.5414241258163408
INTERPRO	IPR008271:Serine/threonine-protein kinase, active site	8	2.8469750889679712	0.04334648033884538	7444, 27102, 8576, 1453, 65018, 4216, 9088, 5590	193	312	18559	2.4656569682476417	0.9999999986575301	1.0	1.0
UP_SEQ_FEATURE	binding site:ATP	11	3.9145907473309607	0.05957499091691026	4141, 7444, 27102, 8576, 1453, 10131, 65018, 3099, 4216, 9088, 5590	205	558	20063	1.929303260774543	1.0	1.0	1.0
GOTERM_MF_DIRECT	GO:0005524~ATP binding	23	8.185053380782918	0.09935888155547506	4141, 7444, 8576, 3320, 65018, 10939, 3099, 9088, 55152, 653857, 5590, 80179, 10998, 4629, 55760, 3326, 27102, 1453, 953, 10352, 10131, 109, 4216	187	1495	16881	1.388811188811189	1.0	1.0	1.0
UP_KEYWORDS	Serine/threonine-protein kinase	8	2.8469750889679712	0.1041354712862219	7444, 27102, 8576, 1453, 65018, 4216, 9088, 5590	209	393	20581	2.0045533681532075	0.9999999999996172	1.0	0.9768339768339769
SMART	SM00220:S_TKc	8	2.8469750889679712	0.1092160467594201	7444, 27102, 8576, 1453, 65018, 4216, 9088, 5590	114	359	10057	1.9658896544983626	0.9999973408996258	1.0	1.0
GOTERM_BP_DIRECT	GO:0018105~peptidyl-serine phosphorylation	4	1.4234875444839856	0.15782037829761147	7444, 1453, 65018, 5590	185	125	16792	2.9045621621621622	1.0	1.0	1.0
GOTERM_MF_DIRECT	GO:0004672~protein kinase activity	7	2.491103202846975	0.20516496606327997	7444, 8576, 1453, 65018, 4216, 9088, 5590	187	359	16881	1.7601924537857685	1.0	1.0	1.0
UP_SEQ_FEATURE	domain:Protein kinase	8	2.8469750889679712	0.21530379820005444	7444, 27102, 8576, 1453, 65018, 4216, 9088, 5590	205	478	20063	1.6379630574548423	1.0	1.0	1.0
GOTERM_MF_DIRECT	GO:0004674~protein serine/threonine kinase activity	7	2.491103202846975	0.2359881518231256	7444, 8576, 1453, 65018, 8878, 9088, 5590	187	376	16881	1.6806092843326883	1.0	1.0	1.0
INTERPRO	IPR000719:Protein kinase, catalytic domain	8	2.8469750889679712	0.23659786344071385	7444, 27102, 8576, 1453, 65018, 4216, 9088, 5590	193	487	18559	1.5796406038876063	1.0	1.0	1.0
INTERPRO	IPR011009:Protein kinase-like domain	8	2.8469750889679712	0.3113073009852778	7444, 27102, 8576, 1453, 65018, 4216, 9088, 5590	193	531	18559	1.4487475971624564	1.0	1.0	1.0
UP_KEYWORDS	Kinase	10	3.558718861209965	0.32631891531941115	9146, 7444, 27102, 8576, 1453, 65018, 3099, 4216, 9088, 5590	209	735	20581	1.339778016469746	1.0	1.0	0.9768339768339769
UP_SEQ_FEATURE	active site:Proton acceptor	9	3.202846975088968	0.37580270146044414	7444, 27102, 8576, 1453, 65018, 4216, 9088, 5590, 3292	205	672	20063	1.31073606271777	1.0	1.0	1.0
GOTERM_BP_DIRECT	GO:0006468~protein phosphorylation	7	2.491103202846975	0.38340330681803947	57448, 7444, 1453, 65018, 8878, 9088, 5590	185	456	16792	1.3933617828354672	1.0	1.0	1.0
GOTERM_BP_DIRECT	GO:0001934~positive regulation of protein phosphorylation	3	1.0676156583629894	0.40651762475261355	1453, 65018, 8878	185	127	16792	2.14411576931262	1.0	1.0	1.0
UP_SEQ_FEATURE	nucleotide phosphate-binding region:ATP	12	4.270462633451958	0.4306941281646728	4629, 55760, 7444, 27102, 8576, 1453, 11066, 65018, 10939, 4216, 9088, 5590	205	994	20063	1.1815085635765816	1.0	1.0	1.0
UP_KEYWORDS	Transferase	19	6.761565836298933	0.4623072016723969	9146, 10090, 7298, 8694, 7444, 25917, 8576, 65018, 3099, 9088, 5590, 57448, 27102, 3038, 1453, 54675, 51106, 8888, 4216	209	1708	20581	1.095433255269321	1.0	1.0	0.9768339768339769
INTERPRO	IPR017441:Protein kinase, ATP binding site	5	1.7793594306049825	0.5551060897682356	27102, 1453, 4216, 9088, 5590	193	381	18559	1.2619504168196591	1.0	1.0	1.0
GOTERM_BP_DIRECT	GO:0046777~protein autophosphorylation	3	1.0676156583629894	0.564565334843987	7444, 27102, 8576	185	172	16792	1.5831552482715272	1.0	1.0	1.0

Annotation Cluster 11	Enrichment Score: 0.7093339826571595
Category	Term	Count	%	PValue	Genes	List Total	Pop Hits	Pop Total	Fold Enrichment	Bonferroni	Benjamini	FDR
UP_SEQ_FEATURE	zinc finger region:PHD-type	3	1.0676156583629894	0.09808782455238882	11083, 11177, 83860	205	52	20063	5.646247654784241	1.0	1.0	1.0
INTERPRO	IPR019786:Zinc finger, PHD-type, conserved site	3	1.0676156583629894	0.15266531277274198	11083, 11177, 83860	193	67	18559	4.305699481865285	1.0	1.0	1.0
INTERPRO	IPR011011:Zinc finger, FYVE/PHD-type	4	1.4234875444839856	0.17963434988262175	9146, 11083, 11177, 83860	193	141	18559	2.7279609010399444	1.0	1.0	1.0
INTERPRO	IPR019787:Zinc finger, PHD-finger	3	1.0676156583629894	0.19693647334761505	11083, 11177, 83860	193	79	18559	3.651669180822457	1.0	1.0	1.0
INTERPRO	IPR001965:Zinc finger, PHD-type	3	1.0676156583629894	0.23487919753232692	11083, 11177, 83860	193	89	18559	3.2413692728648775	1.0	1.0	1.0
SMART	SM00249:PHD	3	1.0676156583629894	0.26421630683533015	11083, 11177, 83860	114	89	10057	2.9736842105263155	0.9999999999999983	1.0	1.0
INTERPRO	IPR013083:Zinc finger, RING/FYVE/PHD-type	7	2.491103202846975	0.3294480426963555	9146, 11083, 10273, 11177, 140545, 83860, 10336	193	453	18559	1.4859257225863272	1.0	1.0	1.0

Annotation Cluster 12	Enrichment Score: 0.6870004948566918
Category	Term	Count	%	PValue	Genes	List Total	Pop Hits	Pop Total	Fold Enrichment	Bonferroni	Benjamini	FDR
GOTERM_CC_DIRECT	GO:0005794~Golgi apparatus	14	4.98220640569395	0.12103251947756818	9784, 5870, 100128327, 57451, 9088, 9382, 1453, 10297, 54812, 109, 51535, 10488, 11018, 2803	192	863	18224	1.5397837002703747	0.999999999999999	1.0	1.0
UP_KEYWORDS	Golgi apparatus	13	4.6263345195729535	0.12189479276708329	10090, 5870, 100128327, 57451, 9088, 9382, 57448, 1453, 10297, 11154, 109, 11018, 2803	209	812	20581	1.576549131449313	0.9999999999999979	1.0	0.9768339768339769
GOTERM_CC_DIRECT	GO:0000139~Golgi membrane	7	2.491103202846975	0.588994566182147	10090, 5870, 1453, 10488, 9088, 2803, 9382	192	591	18224	1.124224478285392	1.0	1.0	1.0

Annotation Cluster 13	Enrichment Score: 0.679160027507094
Category	Term	Count	%	PValue	Genes	List Total	Pop Hits	Pop Total	Fold Enrichment	Bonferroni	Benjamini	FDR
INTERPRO	IPR004827:Basic-leucine zipper domain	3	1.0676156583629894	0.10753165642447315	7975, 1052, 10488	193	54	18559	5.3422567645365575	1.0	1.0	1.0
SMART	SM00338:BRLZ	3	1.0676156583629894	0.11195534482526572	7975, 1052, 10488	114	51	10057	5.18937048503612	0.9999981108635506	1.0	1.0
UP_SEQ_FEATURE	domain:Leucine-zipper	3	1.0676156583629894	0.3192778575263806	7975, 1052, 10488	205	113	20063	2.598273257068854	1.0	1.0	1.0
UP_SEQ_FEATURE	DNA-binding region:Basic motif	3	1.0676156583629894	0.49958561145175184	7975, 1052, 10488	205	163	20063	1.8012569205446658	1.0	1.0	1.0

Annotation Cluster 14	Enrichment Score: 0.6646114862782723
Category	Term	Count	%	PValue	Genes	List Total	Pop Hits	Pop Total	Fold Enrichment	Bonferroni	Benjamini	FDR
INTERPRO	IPR011511:Variant SH3	3	1.0676156583629894	0.13137302644547927	57524, 1399, 79729	193	61	18559	4.729210906311051	1.0	1.0	1.0
UP_KEYWORDS	SH3 domain	5	1.7793594306049825	0.173699246057543	57524, 6709, 1399, 115677, 79729	209	215	20581	2.2900856793145654	1.0	1.0	0.9768339768339769
INTERPRO	IPR001452:Src homology-3 domain	5	1.7793594306049825	0.19209483429024987	57524, 6709, 1399, 115677, 79729	193	218	18559	2.2055188477444503	1.0	1.0	1.0
SMART	SM00326:SH3	5	1.7793594306049825	0.20134145013988974	57524, 6709, 1399, 115677, 79729	114	206	10057	2.141245103048884	0.999999999985476	1.0	1.0
UP_SEQ_FEATURE	domain:SH3	3	1.0676156583629894	0.5385047666582925	57524, 6709, 115677	205	175	20063	1.677742160278746	1.0	1.0	1.0

Annotation Cluster 15	Enrichment Score: 0.6618893866970713
Category	Term	Count	%	PValue	Genes	List Total	Pop Hits	Pop Total	Fold Enrichment	Bonferroni	Benjamini	FDR
GOTERM_BP_DIRECT	GO:0036297~interstrand cross-link repair	3	1.0676156583629894	0.10057431157341443	55215, 2067, 2175	185	49	16792	5.557198014340872	1.0	1.0	1.0
KEGG_PATHWAY	hsa03460:Fanconi anemia pathway	3	1.0676156583629894	0.11586817591288189	55215, 2067, 2175	77	53	6879	5.056848811565793	0.9999999980845325	1.0	1.0
GOTERM_BP_DIRECT	GO:0006281~DNA repair	5	1.7793594306049825	0.2574639969313857	55215, 10273, 1453, 2067, 2175	185	235	16792	1.93122484186314	1.0	1.0	1.0
UP_KEYWORDS	DNA repair	5	1.7793594306049825	0.343716000067283	55215, 10273, 2067, 2175, 10213	209	293	20581	1.6804382971079577	1.0	1.0	0.9768339768339769
UP_KEYWORDS	DNA damage	5	1.7793594306049825	0.4755383776266321	55215, 10273, 2067, 2175, 10213	209	352	20581	1.398773923444976	1.0	1.0	0.9768339768339769

Annotation Cluster 16	Enrichment Score: 0.5544446569329627
Category	Term	Count	%	PValue	Genes	List Total	Pop Hits	Pop Total	Fold Enrichment	Bonferroni	Benjamini	FDR
UP_KEYWORDS	Dioxygenase	3	1.0676156583629894	0.20480115969781654	84864, 239, 221037	209	83	20581	3.5592897907419148	1.0	1.0	0.9768339768339769
UP_KEYWORDS	Iron	6	2.135231316725979	0.23127403210267894	57404, 284106, 84864, 239, 221037, 50	209	324	20581	1.823586744639376	1.0	1.0	0.9768339768339769
GOTERM_MF_DIRECT	GO:0005506~iron ion binding	4	1.4234875444839856	0.24014902333271132	57404, 84864, 239, 50	187	153	16881	2.3600713012477716	1.0	1.0	1.0
UP_KEYWORDS	Oxidoreductase	7	2.491103202846975	0.5324529823450422	8564, 57404, 1621, 84864, 239, 221037, 3292	209	582	20581	1.1843913908482546	1.0	1.0	0.9768339768339769

Annotation Cluster 17	Enrichment Score: 0.5528480559086116
Category	Term	Count	%	PValue	Genes	List Total	Pop Hits	Pop Total	Fold Enrichment	Bonferroni	Benjamini	FDR
KEGG_PATHWAY	hsa04915:Estrogen signaling pathway	4	1.4234875444839856	0.09598095368639768	3326, 3320, 109, 10488	77	99	6879	3.6096025186934284	0.99999992806411	1.0	1.0
KEGG_PATHWAY	hsa05215:Prostate cancer	3	1.0676156583629894	0.25386945155722374	3326, 3320, 10488	77	88	6879	3.0456021251475796	1.0	1.0	1.0
KEGG_PATHWAY	hsa04151:PI3K-Akt signaling pathway	3	1.0676156583629894	0.9008662702901962	3326, 3320, 10488	77	345	6879	0.776849237718803	1.0	1.0	1.0

Annotation Cluster 18	Enrichment Score: 0.5421788685198562
Category	Term	Count	%	PValue	Genes	List Total	Pop Hits	Pop Total	Fold Enrichment	Bonferroni	Benjamini	FDR
GOTERM_BP_DIRECT	GO:0006511~ubiquitin-dependent protein catabolic process	6	2.135231316725979	0.05049622897898282	8454, 10273, 65018, 9736, 8878, 10213	185	182	16792	2.992337392337393	1.0	1.0	1.0
GOTERM_BP_DIRECT	GO:0038061~NIK/NF-kappaB signaling	3	1.0676156583629894	0.16316713726925972	8454, 5708, 10213	185	66	16792	4.125798525798525	1.0	1.0	1.0
GOTERM_BP_DIRECT	GO:0051437~positive regulation of ubiquitin-protein ligase activity involved in regulation of mitotic cell cycle transition	3	1.0676156583629894	0.2025485101637582	8454, 5708, 10213	185	76	16792	3.5829302987197726	1.0	1.0	1.0
GOTERM_BP_DIRECT	GO:0002223~stimulatory C-type lectin receptor signaling pathway	3	1.0676156583629894	0.31988959666250527	8454, 5708, 10213	185	105	16792	2.5933590733590735	1.0	1.0	1.0
GOTERM_BP_DIRECT	GO:0000209~protein polyubiquitination	4	1.4234875444839856	0.32764434185342317	8454, 5708, 10273, 10213	185	184	16792	1.9732079905992952	1.0	1.0	1.0
GOTERM_BP_DIRECT	GO:0043161~proteasome-mediated ubiquitin-dependent protein catabolic process	4	1.4234875444839856	0.38450412054444727	8454, 5708, 10273, 10213	185	203	16792	1.7885234988683265	1.0	1.0	1.0
GOTERM_BP_DIRECT	GO:0050852~T cell receptor signaling pathway	3	1.0676156583629894	0.48396157447784505	8454, 5708, 10213	185	148	16792	1.839883126369613	1.0	1.0	1.0
GOTERM_BP_DIRECT	GO:0038095~Fc-epsilon receptor signaling pathway	3	1.0676156583629894	0.5891074053121192	8454, 5708, 10213	185	178	16792	1.5297904646219256	1.0	1.0	1.0
UP_KEYWORDS	Ubl conjugation pathway	7	2.491103202846975	0.6881139140729082	8454, 57448, 10273, 84971, 9736, 140459, 10213	209	680	20581	1.0136996904024769	1.0	1.0	0.9768339768339769

Annotation Cluster 19	Enrichment Score: 0.4911975919768398
Category	Term	Count	%	PValue	Genes	List Total	Pop Hits	Pop Total	Fold Enrichment	Bonferroni	Benjamini	FDR
GOTERM_CC_DIRECT	GO:0031526~brush border membrane	3	1.0676156583629894	0.09986137385431135	6550, 3326, 3320	192	51	18224	5.583333333333334	0.9999999999994312	1.0	1.0
GOTERM_CC_DIRECT	GO:0016324~apical plasma membrane	5	1.7793594306049825	0.36332368059259246	55630, 6550, 3326, 3320, 5590	192	291	18224	1.6308705612829326	1.0	1.0	1.0
GOTERM_CC_DIRECT	GO:0009986~cell surface	4	1.4234875444839856	0.9262238982047634	8322, 6550, 3326, 3320	192	542	18224	0.7004920049200491	1.0	1.0	1.0

Annotation Cluster 20	Enrichment Score: 0.48006801357157136
Category	Term	Count	%	PValue	Genes	List Total	Pop Hits	Pop Total	Fold Enrichment	Bonferroni	Benjamini	FDR
KEGG_PATHWAY	hsa05031:Amphetamine addiction	3	1.0676156583629894	0.16498793580230103	5499, 116444, 10488	77	66	6879	4.060802833530106	0.9999999999998278	1.0	1.0
KEGG_PATHWAY	hsa04024:cAMP signaling pathway	4	1.4234875444839856	0.3749013773504576	5499, 116444, 109, 10488	77	198	6879	1.8048012593467142	1.0	1.0	1.0
KEGG_PATHWAY	hsa05034:Alcoholism	3	1.0676156583629894	0.5867143822279335	5499, 116444, 10488	77	177	6879	1.5141976667400396	1.0	1.0	1.0

Annotation Cluster 21	Enrichment Score: 0.46080080144246977
Category	Term	Count	%	PValue	Genes	List Total	Pop Hits	Pop Total	Fold Enrichment	Bonferroni	Benjamini	FDR
GOTERM_CC_DIRECT	GO:0005783~endoplasmic reticulum	12	4.270462633451958	0.2521995649048756	10998, 7444, 10273, 55379, 100128327, 56246, 6238, 57451, 8878, 10488, 9088, 11018	192	828	18224	1.3756038647342996	1.0	1.0	1.0
UP_KEYWORDS	Endoplasmic reticulum	13	4.6263345195729535	0.39401869254199556	8694, 7444, 100128327, 57451, 9088, 10998, 2677, 55379, 56246, 6238, 8878, 10488, 11018	209	1067	20581	1.1997730972229073	1.0	1.0	0.9768339768339769
GOTERM_CC_DIRECT	GO:0005789~endoplasmic reticulum membrane	11	3.9145907473309607	0.4171924469098771	10998, 7112, 2677, 8694, 7444, 5870, 55379, 56246, 10488, 9088, 11018	192	862	18224	1.2112335653518949	1.0	1.0	1.0

Annotation Cluster 22	Enrichment Score: 0.40859884808289826
Category	Term	Count	%	PValue	Genes	List Total	Pop Hits	Pop Total	Fold Enrichment	Bonferroni	Benjamini	FDR
GOTERM_MF_DIRECT	GO:0005525~GTP binding	8	2.8469750889679712	0.13267370894315267	3326, 5870, 2774, 116986, 7975, 3320, 10123, 84617	187	384	16881	1.880681818181818	1.0	1.0	1.0
UP_KEYWORDS	GTP-binding	6	2.135231316725979	0.27114269914021694	5870, 2774, 116986, 7975, 10123, 84617	209	343	20581	1.7225717354611016	1.0	1.0	0.9768339768339769
UP_SEQ_FEATURE	nucleotide phosphate-binding region:GTP	5	1.7793594306049825	0.39292509674272946	5870, 2774, 116986, 10123, 84617	205	310	20063	1.5785208497246264	1.0	1.0	1.0
GOTERM_MF_DIRECT	GO:0003924~GTPase activity	4	1.4234875444839856	0.47761525608731525	5870, 2774, 10123, 84617	187	234	16881	1.543123543123543	1.0	1.0	1.0
INTERPRO	IPR027417:P-loop containing nucleoside triphosphate hydrolase	9	3.202846975088968	0.694030077899233	80179, 4629, 10090, 55760, 5870, 2774, 116986, 10939, 10123	193	879	18559	0.9845797449999115	1.0	1.0	1.0
GOTERM_BP_DIRECT	GO:0007264~small GTPase mediated signal transduction	3	1.0676156583629894	0.7544976206806439	5870, 116986, 10123	185	246	16792	1.1069215557020435	1.0	1.0	1.0

Annotation Cluster 23	Enrichment Score: 0.4047150550911473
Category	Term	Count	%	PValue	Genes	List Total	Pop Hits	Pop Total	Fold Enrichment	Bonferroni	Benjamini	FDR
UP_SEQ_FEATURE	repeat:ANK 6	3	1.0676156583629894	0.26668515466116854	57524, 348094, 140459	205	99	20063	2.9657058388765707	1.0	1.0	1.0
INTERPRO	IPR002110:Ankyrin repeat	5	1.7793594306049825	0.2713507987292367	57524, 2744, 116986, 348094, 140459	193	255	18559	1.8855023874834906	1.0	1.0	1.0
UP_KEYWORDS	ANK repeat	5	1.7793594306049825	0.2779826599737604	57524, 2744, 116986, 348094, 140459	209	264	20581	1.8650318979266347	1.0	1.0	0.9768339768339769
INTERPRO	IPR020683:Ankyrin repeat-containing domain	5	1.7793594306049825	0.2923378510947916	57524, 2744, 116986, 348094, 140459	193	265	18559	1.8143513539935476	1.0	1.0	1.0
UP_SEQ_FEATURE	repeat:ANK 5	3	1.0676156583629894	0.42450975843562666	57524, 348094, 140459	205	142	20063	2.067639986259018	1.0	1.0	1.0
UP_SEQ_FEATURE	repeat:ANK 2	4	1.4234875444839856	0.45371217014922793	57524, 116986, 348094, 140459	205	245	20063	1.5978496764559482	1.0	1.0	1.0
UP_SEQ_FEATURE	repeat:ANK 1	4	1.4234875444839856	0.4547884260878681	57524, 116986, 348094, 140459	205	244	20063	1.6043982407037185	1.0	1.0	1.0
UP_SEQ_FEATURE	repeat:ANK 4	3	1.0676156583629894	0.5227524523460487	57524, 348094, 140459	205	170	20063	1.7270875179340028	1.0	1.0	1.0
SMART	SM00248:ANK	4	1.4234875444839856	0.5334528828818855	57524, 2744, 348094, 140459	114	249	10057	1.4171774818572536	1.0	1.0	1.0
UP_SEQ_FEATURE	repeat:ANK 3	3	1.0676156583629894	0.6245210647761889	57524, 348094, 140459	205	207	20063	1.4183810533757513	1.0	1.0	1.0

Annotation Cluster 24	Enrichment Score: 0.3742008168168231
Category	Term	Count	%	PValue	Genes	List Total	Pop Hits	Pop Total	Fold Enrichment	Bonferroni	Benjamini	FDR
UP_KEYWORDS	Monooxygenase	3	1.0676156583629894	0.22332308143934193	8564, 57404, 1621	209	88	20581	3.357057416267943	1.0	1.0	0.9768339768339769
UP_KEYWORDS	Oxidoreductase	7	2.491103202846975	0.5324529823450422	8564, 57404, 1621, 84864, 239, 221037, 3292	209	582	20581	1.1843913908482546	1.0	1.0	0.9768339768339769
GOTERM_BP_DIRECT	GO:0055114~oxidation-reduction process	7	2.491103202846975	0.6341363870936023	8564, 57404, 1621, 84864, 221037, 84817, 3292	185	592	16792	1.0732651570489409	1.0	1.0	1.0

Annotation Cluster 25	Enrichment Score: 0.350005800260587
Category	Term	Count	%	PValue	Genes	List Total	Pop Hits	Pop Total	Fold Enrichment	Bonferroni	Benjamini	FDR
KEGG_PATHWAY	hsa04024:cAMP signaling pathway	4	1.4234875444839856	0.3749013773504576	5499, 116444, 109, 10488	77	198	6879	1.8048012593467142	1.0	1.0	1.0
KEGG_PATHWAY	hsa04261:Adrenergic signaling in cardiomyocytes	3	1.0676156583629894	0.45309171557142297	5499, 109, 10488	77	138	6879	1.9421230942970074	1.0	1.0	1.0
KEGG_PATHWAY	hsa04022:cGMP-PKG signaling pathway	3	1.0676156583629894	0.5246617961787208	5499, 109, 10488	77	158	6879	1.6962847279302975	1.0	1.0	1.0

Annotation Cluster 26	Enrichment Score: 0.34439298459106776
Category	Term	Count	%	PValue	Genes	List Total	Pop Hits	Pop Total	Fold Enrichment	Bonferroni	Benjamini	FDR
UP_SEQ_FEATURE	lipid moiety-binding region:S-palmitoyl cysteine	4	1.4234875444839856	0.293458630216284	2774, 8576, 100128327, 953	205	185	20063	2.116071193144364	1.0	1.0	1.0
UP_KEYWORDS	Lipoprotein	10	3.558718861209965	0.4942231392582883	116372, 401944, 4000, 5870, 2774, 8576, 100128327, 10409, 953, 10123	209	852	20581	1.155794415616506	1.0	1.0	0.9768339768339769
UP_KEYWORDS	Palmitate	4	1.4234875444839856	0.6387796692865769	2774, 8576, 100128327, 953	209	324	20581	1.2157244964262508	1.0	1.0	0.9768339768339769

Annotation Cluster 27	Enrichment Score: 0.33213319690413873
Category	Term	Count	%	PValue	Genes	List Total	Pop Hits	Pop Total	Fold Enrichment	Bonferroni	Benjamini	FDR
INTERPRO	IPR011992:EF-hand-like domain	6	2.135231316725979	0.1637743698622831	147968, 6709, 2312, 11076, 388697, 11138	193	279	18559	2.067970360465764	1.0	1.0	1.0
INTERPRO	IPR018247:EF-Hand 1, calcium-binding site	4	1.4234875444839856	0.2800370731919983	147968, 6709, 2312, 388697	193	178	18559	2.160912848576585	1.0	1.0	1.0
INTERPRO	IPR002048:EF-hand domain	4	1.4234875444839856	0.4170701035391143	147968, 6709, 2312, 388697	193	228	18559	1.6870284519589127	1.0	1.0	1.0
UP_SEQ_FEATURE	domain:EF-hand 1	3	1.0676156583629894	0.5696331977852886	6709, 2312, 388697	205	185	20063	1.587053394858273	1.0	1.0	1.0
UP_SEQ_FEATURE	domain:EF-hand 2	3	1.0676156583629894	0.5696331977852886	6709, 2312, 388697	205	185	20063	1.587053394858273	1.0	1.0	1.0
GOTERM_MF_DIRECT	GO:0005509~calcium ion binding	7	2.491103202846975	0.8069162669216292	147968, 6709, 4054, 2312, 388697, 57451, 27039	187	717	16881	0.8813236972232787	1.0	1.0	1.0
UP_KEYWORDS	Calcium	6	2.135231316725979	0.944883011496292	147968, 6709, 2312, 953, 388697, 116444	209	877	20581	0.6737082158074776	1.0	1.0	0.9768339768339769

Annotation Cluster 28	Enrichment Score: 0.3209347418777848
Category	Term	Count	%	PValue	Genes	List Total	Pop Hits	Pop Total	Fold Enrichment	Bonferroni	Benjamini	FDR
UP_KEYWORDS	Transcription	29	10.320284697508896	0.23490697283749717	9584, 92822, 254251, 2551, 7182, 51186, 26155, 51341, 84864, 7975, 51106, 8928, 10336, 9970, 57451, 221037, 1052, 23414, 6619, 5928, 140685, 171568, 53635, 11177, 51535, 83860, 6878, 54623, 10488	209	2398	20581	1.1908827531715025	1.0	1.0	0.9768339768339769
UP_KEYWORDS	Transcription regulation	28	9.9644128113879	0.2543598389001426	9584, 92822, 254251, 2551, 7182, 51186, 26155, 51341, 84864, 7975, 51106, 8928, 10336, 9970, 57451, 221037, 1052, 23414, 6619, 5928, 140685, 53635, 11177, 51535, 83860, 6878, 54623, 10488	209	2332	20581	1.1823598447233006	1.0	1.0	0.9768339768339769
GOTERM_BP_DIRECT	GO:0006351~transcription, DNA-templated	23	8.185053380782918	0.48123683239648346	11083, 9584, 9970, 92822, 57451, 221037, 1052, 7182, 23414, 5928, 51186, 26155, 51341, 140685, 84864, 171568, 53635, 11177, 7975, 51106, 51535, 10488, 10336	185	1955	16792	1.0678537360890303	1.0	1.0	1.0
GOTERM_MF_DIRECT	GO:0003677~DNA binding	19	6.761565836298933	0.580036232310515	7112, 9970, 92822, 254251, 2551, 115677, 7182, 23414, 6619, 51341, 55215, 171568, 90326, 51106, 8888, 6878, 10488, 8928, 51747	187	1674	16881	1.0246008471814925	1.0	1.0	1.0
UP_KEYWORDS	DNA-binding	18	6.405693950177936	0.8368787558981223	7112, 9970, 92822, 254251, 2067, 2551, 1052, 7182, 23414, 6619, 51341, 55215, 7975, 90326, 51106, 10488, 8928, 51747	209	2050	20581	0.8646469833119383	1.0	1.0	0.9768339768339769
GOTERM_BP_DIRECT	GO:0006355~regulation of transcription, DNA-templated	14	4.98220640569395	0.8502968561218838	7112, 9584, 92822, 221037, 7182, 6619, 5928, 140685, 53635, 11177, 51106, 51535, 9736, 10336	185	1504	16792	0.8449108683151237	1.0	1.0	1.0

Annotation Cluster 29	Enrichment Score: 0.30435776948782056
Category	Term	Count	%	PValue	Genes	List Total	Pop Hits	Pop Total	Fold Enrichment	Bonferroni	Benjamini	FDR
UP_KEYWORDS	Activator	10	3.558718861209965	0.22470280093370293	9584, 9970, 53635, 254251, 1153, 1052, 10488, 8928, 7182, 23414	209	661	20581	1.4897682936539534	1.0	1.0	0.9768339768339769
GOTERM_BP_DIRECT	GO:0045944~positive regulation of transcription from RNA polymerase II promoter	13	4.6263345195729535	0.3896877852158211	9970, 8576, 2551, 116986, 1052, 7182, 23414, 7975, 5216, 8878, 54623, 10488, 8928	185	981	16792	1.2028321899881533	1.0	1.0	1.0
GOTERM_MF_DIRECT	GO:0043565~sequence-specific DNA binding	5	1.7793594306049825	0.8265733099414246	9970, 2551, 7975, 8928, 7182	187	518	16881	0.8713583713583714	1.0	1.0	1.0
GOTERM_MF_DIRECT	GO:0003700~transcription factor activity, sequence-specific DNA binding	9	3.202846975088968	0.837456514518141	9970, 8896, 2551, 7975, 6878, 1052, 10488, 8928, 7182	187	961	16881	0.8454261659256457	1.0	1.0	1.0

Annotation Cluster 30	Enrichment Score: 0.25152692752479944
Category	Term	Count	%	PValue	Genes	List Total	Pop Hits	Pop Total	Fold Enrichment	Bonferroni	Benjamini	FDR
GOTERM_BP_DIRECT	GO:0016567~protein ubiquitination	6	2.135231316725979	0.36212012263618676	8454, 57448, 10273, 90864, 65018, 140459	185	359	16792	1.5170067002936085	1.0	1.0	1.0
KEGG_PATHWAY	hsa04120:Ubiquitin mediated proteolysis	3	1.0676156583629894	0.4493573737877097	8454, 57448, 10273	77	137	6879	1.9562991752772774	1.0	1.0	1.0
UP_KEYWORDS	Ubl conjugation pathway	7	2.491103202846975	0.6881139140729082	8454, 57448, 10273, 84971, 9736, 140459, 10213	209	680	20581	1.0136996904024769	1.0	1.0	0.9768339768339769
GOTERM_MF_DIRECT	GO:0004842~ubiquitin-protein transferase activity	3	1.0676156583629894	0.8806177171820982	8454, 57448, 10273	187	329	16881	0.823155567836419	1.0	1.0	1.0

Annotation Cluster 31	Enrichment Score: 0.21309113747179043
Category	Term	Count	%	PValue	Genes	List Total	Pop Hits	Pop Total	Fold Enrichment	Bonferroni	Benjamini	FDR
UP_KEYWORDS	Metal-binding	39	13.87900355871886	0.44074004697116576	23526, 9146, 11083, 92822, 116986, 9088, 7182, 57404, 147968, 80781, 6709, 51341, 84864, 239, 50, 10213, 10336, 9970, 5499, 65018, 10939, 221037, 29799, 23414, 384, 5590, 1621, 2312, 2774, 284106, 140685, 388697, 11177, 140545, 90326, 83860, 109, 8878, 4216	209	3640	20581	1.0550751879699247	1.0	1.0	0.9768339768339769
UP_KEYWORDS	Zinc	24	8.540925266903916	0.5962039063147501	23526, 9146, 11083, 9970, 92822, 116986, 10939, 221037, 29799, 7182, 23414, 5590, 55630, 80781, 353174, 51341, 140685, 11177, 140545, 90326, 83860, 8878, 10213, 10336	209	2348	20581	1.0065453241280373	1.0	1.0	0.9768339768339769
UP_KEYWORDS	Zinc-finger	18	6.405693950177936	0.6338824137681138	23526, 9146, 11083, 9970, 92822, 116986, 221037, 7182, 23414, 5590, 51341, 140685, 11177, 140545, 90326, 83860, 8878, 10336	209	1781	20581	0.9952421761872396	1.0	1.0	0.9768339768339769
GOTERM_MF_DIRECT	GO:0046872~metal ion binding	22	7.829181494661921	0.6899209429309909	23526, 9146, 92822, 5499, 116986, 221037, 29799, 9088, 23414, 384, 5590, 80781, 51341, 2774, 284106, 140685, 90326, 109, 50, 4216, 10213, 10336	187	2069	16881	0.959884001933301	1.0	1.0	1.0
GOTERM_MF_DIRECT	GO:0008270~zinc ion binding	12	4.270462633451958	0.7484433783385019	11083, 9970, 353174, 92822, 11177, 140545, 10939, 83860, 8878, 7182, 10336, 23414	187	1169	16881	0.9266661482230345	1.0	1.0	1.0

Annotation Cluster 32	Enrichment Score: 0.18127792143063426
Category	Term	Count	%	PValue	Genes	List Total	Pop Hits	Pop Total	Fold Enrichment	Bonferroni	Benjamini	FDR
INTERPRO	IPR001849:Pleckstrin homology domain	4	1.4234875444839856	0.536987280891714	60312, 116986, 23101, 84904	193	271	18559	1.4193449706517791	1.0	1.0	1.0
SMART	SM00233:PH	4	1.4234875444839856	0.5733493491517783	60312, 116986, 23101, 84904	114	264	10057	1.3366560340244549	1.0	1.0	1.0
INTERPRO	IPR011993:Pleckstrin homology-like domain	5	1.7793594306049825	0.6477218960317519	60312, 116986, 23101, 1130, 84904	193	427	18559	1.1260025967407263	1.0	1.0	1.0
UP_SEQ_FEATURE	domain:PH	3	1.0676156583629894	0.714335226862089	116986, 23101, 84904	205	245	20063	1.1983872573419612	1.0	1.0	1.0
GOTERM_BP_DIRECT	GO:0043547~positive regulation of GTPase activity	5	1.7793594306049825	0.8708360994261611	23526, 6709, 116986, 23101, 84904	185	565	16792	0.8032528103324563	1.0	1.0	1.0

Annotation Cluster 33	Enrichment Score: 0.14296122207485876
Category	Term	Count	%	PValue	Genes	List Total	Pop Hits	Pop Total	Fold Enrichment	Bonferroni	Benjamini	FDR
INTERPRO	IPR019775:WD40 repeat, conserved site	3	1.0676156583629894	0.5141652993099617	5928, 1130, 197335	193	166	18559	1.7378425619576754	1.0	1.0	1.0
UP_SEQ_FEATURE	repeat:WD 6	3	1.0676156583629894	0.5947703209684911	5928, 1130, 197335	205	196	20063	1.4979840716774515	1.0	1.0	1.0
INTERPRO	IPR015943:WD40/YVTN repeat-like-containing domain	4	1.4234875444839856	0.6687826492858407	57448, 5928, 1130, 197335	193	331	18559	1.1620618944007013	1.0	1.0	1.0
UP_SEQ_FEATURE	repeat:WD 5	3	1.0676156583629894	0.6970532907817737	5928, 1130, 197335	205	237	20063	1.2388391478851497	1.0	1.0	1.0
UP_SEQ_FEATURE	repeat:WD 4	3	1.0676156583629894	0.7347728618761777	5928, 1130, 197335	205	255	20063	1.1513916786226686	1.0	1.0	1.0
UP_SEQ_FEATURE	repeat:WD 3	3	1.0676156583629894	0.7612938634767339	5928, 1130, 197335	205	269	20063	1.0914679481367304	1.0	1.0	1.0
INTERPRO	IPR001680:WD40 repeat	3	1.0676156583629894	0.7680267753067884	5928, 1130, 197335	193	268	18559	1.0764248704663213	1.0	1.0	1.0
UP_SEQ_FEATURE	repeat:WD 1	3	1.0676156583629894	0.7771106734311247	5928, 1130, 197335	205	278	20063	1.0561326548517285	1.0	1.0	1.0
UP_SEQ_FEATURE	repeat:WD 2	3	1.0676156583629894	0.7771106734311247	5928, 1130, 197335	205	278	20063	1.0561326548517285	1.0	1.0	1.0
UP_KEYWORDS	WD repeat	3	1.0676156583629894	0.7792655844703793	5928, 1130, 197335	209	281	20581	1.0513204719985016	1.0	1.0	0.9768339768339769
SMART	SM00320:WD40	3	1.0676156583629894	0.8065219746279554	5928, 1130, 197335	114	267	10057	0.9912280701754386	1.0	1.0	1.0
INTERPRO	IPR017986:WD40-repeat-containing domain	3	1.0676156583629894	0.8281577245155917	5928, 1130, 197335	193	306	18559	0.9427511937417453	1.0	1.0	1.0

Annotation Cluster 34	Enrichment Score: 0.02009187377152879
Category	Term	Count	%	PValue	Genes	List Total	Pop Hits	Pop Total	Fold Enrichment	Bonferroni	Benjamini	FDR
UP_KEYWORDS	Membrane	70	24.91103202846975	0.8529002576694429	9784, 9146, 10090, 6550, 58191, 8694, 7444, 8576, 55281, 115677, 3320, 9382, 56172, 116372, 353174, 3038, 54675, 1453, 79856, 150159, 953, 239, 515, 10131, 374395, 8888, 10336, 23080, 7298, 5870, 8303, 10939, 65018, 3099, 25798, 84904, 51296, 124976, 1621, 2677, 144404, 55379, 116444, 53635, 6238, 11154, 10861, 10225, 9088, 10998, 57404, 57448, 401944, 81034, 6524, 2803, 8322, 8564, 7112, 11010, 57451, 27039, 80179, 55630, 10409, 56246, 10123, 109, 10488, 11018	209	7494	20581	0.9198235781607743	1.0	1.0	0.9768339768339769
UP_SEQ_FEATURE	transmembrane region	45	16.014234875444842	0.9017390001865009	10090, 58191, 6550, 8694, 7444, 55281, 56172, 10998, 57404, 401944, 81034, 353174, 3038, 54675, 150159, 953, 6524, 11066, 374395, 23080, 8322, 8564, 7112, 8303, 11010, 65018, 10939, 25798, 57451, 27039, 55630, 51296, 1621, 124976, 2677, 144404, 55379, 116444, 56246, 6238, 109, 10488, 10861, 11018, 10225	205	5056	20063	0.8710587758567458	1.0	1.0	1.0
UP_SEQ_FEATURE	topological domain:Cytoplasmic	28	9.9644128113879	0.9502544059368851	10090, 58191, 6550, 55281, 56172, 10998, 401944, 353174, 3038, 953, 6524, 11066, 8322, 8303, 65018, 57451, 27039, 55630, 1621, 2677, 55379, 116444, 56246, 6238, 109, 10488, 11018, 10225	205	3456	20063	0.7929144083107499	1.0	1.0	1.0
UP_KEYWORDS	Transmembrane helix	47	16.72597864768683	0.9653877657376918	10090, 58191, 6550, 8694, 7444, 55281, 56172, 10998, 57404, 401944, 81034, 353174, 3038, 54675, 150159, 953, 6524, 515, 374395, 8888, 10336, 23080, 8322, 8564, 7112, 8303, 11010, 65018, 10939, 25798, 57451, 27039, 55630, 51296, 1621, 124976, 2677, 144404, 55379, 116444, 56246, 6238, 109, 10488, 10861, 11018, 10225	209	5634	20581	0.8214879584477701	1.0	1.0	0.9768339768339769
UP_KEYWORDS	Transmembrane	47	16.72597864768683	0.967350306043352	10090, 58191, 6550, 8694, 7444, 55281, 56172, 10998, 57404, 401944, 81034, 353174, 3038, 54675, 150159, 953, 6524, 515, 374395, 8888, 10336, 23080, 8322, 8564, 7112, 8303, 11010, 65018, 10939, 25798, 57451, 27039, 55630, 51296, 1621, 124976, 2677, 144404, 55379, 116444, 56246, 6238, 109, 10488, 10861, 11018, 10225	209	5651	20581	0.8190166621650571	1.0	1.0	0.9768339768339769
GOTERM_CC_DIRECT	GO:0016021~integral component of membrane	44	15.658362989323843	0.9717767039753132	10090, 58191, 6550, 8694, 7444, 55281, 56172, 10998, 57404, 401944, 81034, 353174, 3038, 54675, 150159, 953, 6524, 515, 374395, 8888, 10336, 23080, 8322, 8564, 7112, 8303, 11010, 10939, 25798, 27039, 55630, 51296, 1621, 124976, 2677, 144404, 55379, 116444, 56246, 109, 10488, 10861, 11018, 10225	192	5163	18224	0.8088966363225515	1.0	1.0	1.0
UP_SEQ_FEATURE	topological domain:Extracellular	18	6.405693950177936	0.9946909983569859	8322, 58191, 6550, 55281, 57451, 27039, 56172, 55630, 401944, 353174, 3038, 56246, 953, 116444, 6524, 11066, 11018, 10225	205	2787	20063	0.6320880044107222	1.0	1.0	1.0
UP_KEYWORDS	Glycoprotein	28	9.9644128113879	0.9997349327552714	10090, 58191, 6550, 4054, 55281, 116372, 80781, 401944, 353174, 3038, 953, 6524, 2803, 8322, 11076, 57451, 27039, 55630, 51296, 1621, 3425, 2677, 3326, 116444, 109, 10488, 10861, 10225	209	4551	20581	0.6058587470654223	1.0	1.0	0.9997349327552714
UP_SEQ_FEATURE	glycosylation site:N-linked (GlcNAc...)	25	8.896797153024911	0.999836626894332	10090, 58191, 6550, 4054, 55281, 116372, 80781, 401944, 353174, 3038, 953, 6524, 8322, 57451, 27039, 55630, 51296, 1621, 3425, 2677, 116444, 109, 10488, 10861, 10225	205	4234	20063	0.5778713550007488	1.0	1.0	1.0

Annotation Cluster 35	Enrichment Score: 0.011815341558870941
Category	Term	Count	%	PValue	Genes	List Total	Pop Hits	Pop Total	Fold Enrichment	Bonferroni	Benjamini	FDR
UP_SEQ_FEATURE	zinc finger region:C2H2-type 1	4	1.4234875444839856	0.9233933782608607	92822, 51341, 140685, 23414	205	554	20063	0.7066302720788941	1.0	1.0	1.0
UP_SEQ_FEATURE	zinc finger region:C2H2-type 2	4	1.4234875444839856	0.9516650272050878	92822, 51341, 140685, 23414	205	615	20063	0.6365417410271664	1.0	1.0	1.0
INTERPRO	IPR013087:Zinc finger C2H2-type/integrase DNA-binding domain	4	1.4234875444839856	0.9797483400076642	92822, 51341, 140685, 23414	193	712	18559	0.5402282121441463	1.0	1.0	1.0
INTERPRO	IPR015880:Zinc finger, C2H2-like	4	1.4234875444839856	0.9866588090170648	92822, 51341, 140685, 23414	193	762	18559	0.5047801667278637	1.0	1.0	1.0
UP_SEQ_FEATURE	zinc finger region:C2H2-type 3	3	1.0676156583629894	0.9895169685102391	92822, 51341, 23414	205	636	20063	0.4616428900138059	1.0	1.0	1.0
INTERPRO	IPR007087:Zinc finger, C2H2	4	1.4234875444839856	0.9902549252300844	92822, 51341, 140685, 23414	193	799	18559	0.48140486488940193	1.0	1.0	1.0
SMART	SM00355:ZnF_C2H2	4	1.4234875444839856	0.9930473399160269	92822, 51341, 140685, 23414	114	762	10057	0.4630934291108348	1.0	1.0	1.0

Annotation Cluster 36	Enrichment Score: 2.038373120183525E-5
Category	Term	Count	%	PValue	Genes	List Total	Pop Hits	Pop Total	Fold Enrichment	Bonferroni	Benjamini	FDR
UP_SEQ_FEATURE	glycosylation site:N-linked (GlcNAc...)	25	8.896797153024911	0.999836626894332	10090, 58191, 6550, 4054, 55281, 116372, 80781, 401944, 353174, 3038, 953, 6524, 8322, 57451, 27039, 55630, 51296, 1621, 3425, 2677, 116444, 109, 10488, 10861, 10225	205	4234	20063	0.5778713550007488	1.0	1.0	1.0
UP_KEYWORDS	Signal	23	8.185053380782918	0.9999358283808307	8322, 58191, 6550, 4054, 11010, 348094, 2175, 653857, 55630, 116372, 2744, 57404, 3425, 80781, 1621, 401944, 353174, 27102, 79856, 116444, 374395, 11018, 10225	209	4160	20581	0.5444458502024292	1.0	1.0	0.9999358283808307
UP_SEQ_FEATURE	signal peptide	14	4.98220640569395	0.9999971155004814	8322, 58191, 4054, 11010, 653857, 55630, 116372, 3425, 80781, 401944, 353174, 116444, 11018, 10225	205	3346	20063	0.40949076436371057	1.0	1.0	1.0
UP_SEQ_FEATURE	disulfide bond	11	3.9145907473309607	0.9999974923294074	8322, 1621, 2677, 4054, 80781, 401944, 58191, 353174, 57451, 84817, 10225	205	2917	20063	0.36906109685025545	1.0	1.0	1.0
UP_KEYWORDS	Disulfide bond	14	4.98220640569395	0.9999982759316404	8322, 58191, 4054, 57451, 84817, 3425, 80781, 1621, 2677, 401944, 353174, 27102, 953, 10225	209	3434	20581	0.401465223921773	1.0	1.0	0.9999982759316404

