100009676
100126270
100128327
100128590
100129148
100129195
100129931
100130015
100130093116841
100130776
100130855
100131208
100131213
100131626
100132077
100132356
100132594
100133144100134880
100133205
100133286
100134015
100144602
10015
100188954
100190939
100286844
100287616
100287944
100288077
100289178
100289388
100302152
100302739
100313841
100313938
100379224
1005008427184
100500905
100505503
100505678
100505933
100506033
100506071
100506895
100507098
100507218
100507297
100507373
100507401
100507424
100507495
100507557
100507577
100507582
10052914479585
10053346455455554
100533970308515024
1005345893206
10061648322809
100652739
100652759
100873065
100873954
100874222
100874255
100874323
100874362
10090
10123
101243545
1012625777
10131
101409261
10190
10213
10225
10273
10297
10311
10336
10352
10409
10488
1052
105239441
10643
10861
109
1093651130
10939
10965641371
10998
11010
11018
11066
11076
11083
11138
11154
11162
11177
1130
1132184450
11333
1149714722
11529054938
1153
115677
116372
116444
116986
124976
1249893690
1399
1400
140459
140545
140685
140701
140890
143570
144404
1453
14686182
14700723098
147968
148413
150159
1621
171568
178581890
197335
2067
2175
221037
23080
23101
2312
23155254268
2316
23215
23414
23526
23636259307
239
245973
254251
2551
25798
25845
25917
26000
26019
26121
26146
26155
266655
2677
27039
27102
2744
2774
2803
283687
284106
284702
284889
285512
286190
2899158500
29781
29799
29899
3038
3099
317648
3292
3320
3326
3425
348094
353174
374395
378938
384
387885
388697
389333
3964
4000
401944
404665
4054
4141
414197
414236
414919441381
4216
440278
4629
4670
497258
50
51106
51186
51296
51341
51477
515
51535
51747
5216
53635
54623
54675
54812
54973
5499
55052
55119
55152
55215
55281
55379
55630
55653
55760
5590
56172
56246
5708
57404
57409
57448
57451
57524
58191
58506
58517
5870
5928
593641649
60312
6238
63935
641467
65018
6524
653857
654433
6550
6619
6709
6878
692224
7112
7182
728912
728939
729178
7298
7444
755
79172
7955
79729
7975
79856
79955
80179
80185
80781
81034
81888
8303
8322
83860
84138
84153
84167
8432485406
8454
84617
84817
84864
84904
84971
8564
8576
8602
8694
8878
8888
8896
8928
8938
90326
90864
9088
9146
92714
92822
9295
9382
953
9584
9736
9784
9970
