Annotation Cluster 1	Enrichment Score: 2.0389579489268073
Category	Term	Count	%	PValue	Genes	List Total	Pop Hits	Pop Total	Fold Enrichment	Bonferroni	Benjamini	FDR
GOTERM_BP_DIRECT	GO:0036297~interstrand cross-link repair	6	1.8181818181818181	3.634236477344422E-4	80233, 199990, 55215, 2067, 2175, 55120	212	49	16792	9.698883326915672	0.3155363631307011	0.3790508645870232	0.3790508645870232
GOTERM_CC_DIRECT	GO:0043240~Fanconi anaemia nuclear complex	4	1.2121212121212122	7.000251353941648E-4	80233, 199990, 2175, 55120	220	15	18224	22.089696969696966	0.1774741798890591	0.09765350638748599	0.09695348125209183
KEGG_PATHWAY	hsa03460:Fanconi anemia pathway	5	1.5151515151515151	0.004184022284081429	80233, 55215, 2067, 2175, 55120	87	53	6879	7.459336369551074	0.5376694477731194	0.769860100270983	0.769860100270983
UP_KEYWORDS	Fanconi anemia	3	0.9090909090909091	0.020481588107771547	55215, 2175, 55120	242	19	20581	13.42822966507177	0.9970788472403326	0.3720080085118971	0.36673129917130276
UP_KEYWORDS	DNA damage	9	2.727272727272727	0.055930952056620686	80233, 199990, 55215, 10273, 2067, 11011, 2175, 55120, 10213	242	352	20581	2.174457644628099	0.9999999106570913	0.672232290378537	0.6626970805859338
UP_KEYWORDS	DNA repair	8	2.4242424242424243	0.05721125875562018	80233, 199990, 55215, 10273, 2067, 2175, 55120, 10213	242	293	20581	2.32206019236736	0.9999999390663366	0.672232290378537	0.6626970805859338
GOTERM_BP_DIRECT	GO:0006281~DNA repair	7	2.1212121212121215	0.07650260224971749	80233, 55215, 10273, 1453, 2067, 2175, 55120	212	235	16792	2.3593737454837416	1.0	1.0	1.0

Annotation Cluster 2	Enrichment Score: 1.2952505424751783
Category	Term	Count	%	PValue	Genes	List Total	Pop Hits	Pop Total	Fold Enrichment	Bonferroni	Benjamini	FDR
GOTERM_MF_DIRECT	GO:0000166~nucleotide binding	12	3.6363636363636362	0.005283337484786302	373863, 9584, 140890, 7298, 4670, 64852, 11066, 8888, 29899, 109, 58517, 10643	217	348	16881	2.6825043699348483	0.8678192904356659	1.0	1.0
GOTERM_CC_DIRECT	GO:0005681~spliceosomal complex	6	1.8181818181818181	0.005531512594621967	55760, 140890, 4670, 24144, 8896, 58517	220	94	18224	5.28742746615087	0.7872369533292385	0.30865840277990575	0.30644579774205694
GOTERM_CC_DIRECT	GO:0016607~nuclear speck	8	2.4242424242424243	0.01099027988897649	9584, 4000, 26121, 64852, 24144, 10409, 58517, 51747	220	201	18224	3.2969696969696964	0.9541904297820726	0.43804115557492007	0.4349010756066411
UP_KEYWORDS	mRNA splicing	9	2.727272727272727	0.011805571081892174	9584, 140890, 23517, 4670, 26121, 24144, 11066, 58517, 51747	242	260	20581	2.943881118881119	0.964879788012712	0.3505948508663903	0.3456218742583564
INTERPRO	IPR012677:Nucleotide-binding, alpha-beta plait	9	2.727272727272727	0.014856494997870513	373863, 9584, 140890, 4670, 64852, 11066, 8888, 58517, 10643	224	264	18559	2.8245231331168834	0.9997002714334059	1.0	1.0
SMART	SM00360:RRM	8	2.4242424242424243	0.016464942517223986	373863, 9584, 140890, 4670, 64852, 11066, 58517, 10643	126	212	10057	3.011979634621144	0.8844739807883671	1.0	1.0
UP_KEYWORDS	mRNA processing	10	3.0303030303030303	0.016713871798465847	9584, 140890, 23517, 4670, 26121, 64852, 24144, 11066, 58517, 51747	242	332	20581	2.5616100766703176	0.9913754730320139	0.3720080085118971	0.36673129917130276
UP_KEYWORDS	Spliceosome	6	1.8181818181818181	0.01695154637530477	140890, 23517, 4670, 26121, 24144, 11066	242	127	20581	4.017895490336435	0.9919438290858003	0.3720080085118971	0.36673129917130276
INTERPRO	IPR000504:RNA recognition motif domain	8	2.4242424242424243	0.019657188017050915	373863, 9584, 140890, 4670, 64852, 11066, 58517, 10643	224	226	18559	2.932838179519595	0.9999787744413221	1.0	1.0
GOTERM_BP_DIRECT	GO:0008380~RNA splicing	6	1.8181818181818181	0.05844340654305696	9584, 140890, 24144, 11066, 58517, 51747	212	166	16792	2.862923391679927	1.0	1.0	1.0
GOTERM_BP_DIRECT	GO:0000398~mRNA splicing, via spliceosome	7	2.1212121212121215	0.06217621196820341	55760, 23517, 4670, 26121, 24144, 8896, 11066	212	222	16792	2.497535271120177	1.0	1.0	1.0
UP_KEYWORDS	RNA-binding	13	3.939393939393939	0.09288970329666553	373863, 4141, 9584, 4670, 64794, 25917, 64852, 26019, 26121, 11066, 51106, 58517, 10643	242	665	20581	1.6625427204374574	0.9999999999988515	0.818590510301865	0.8069792973897818
UP_SEQ_FEATURE	domain:RRM 1	4	1.2121212121212122	0.19352232449187132	373863, 9584, 4670, 10643	244	125	20063	2.6312131147540985	1.0	1.0	1.0
UP_SEQ_FEATURE	domain:RRM 2	4	1.2121212121212122	0.19352232449187132	373863, 9584, 4670, 10643	244	125	20063	2.6312131147540985	1.0	1.0	1.0
UP_SEQ_FEATURE	domain:RRM	4	1.2121212121212122	0.22483079991864238	140890, 64852, 11066, 58517	244	135	20063	2.4363084395871284	1.0	1.0	1.0
KEGG_PATHWAY	hsa03040:Spliceosome	4	1.2121212121212122	0.23150009363294713	4670, 26121, 8896, 58517	87	133	6879	2.3780140005185375	1.0	1.0	1.0
GOTERM_CC_DIRECT	GO:0071013~catalytic step 2 spliceosome	3	0.9090909090909091	0.3033283857536444	23517, 4670, 24144	220	92	18224	2.701185770750988	1.0	1.0	0.9964028776978417
GOTERM_BP_DIRECT	GO:0006397~mRNA processing	4	1.2121212121212122	0.3894431798343837	9584, 140890, 24144, 58517	212	179	16792	1.770001054073996	1.0	1.0	1.0
GOTERM_MF_DIRECT	GO:0003676~nucleic acid binding	13	3.939393939393939	0.6117214180344718	9584, 92822, 5894, 64852, 203523, 140890, 140685, 24144, 90326, 11066, 340385, 58517, 10643	217	985	16881	1.026704718239023	1.0	1.0	1.0

Annotation Cluster 3	Enrichment Score: 1.0847776942004241
Category	Term	Count	%	PValue	Genes	List Total	Pop Hits	Pop Total	Fold Enrichment	Bonferroni	Benjamini	FDR
UP_KEYWORDS	Mitochondrion	25	7.575757575757576	0.0031789364477727566	7444, 10018, 55760, 81034, 1376, 1353, 755, 10352, 10131, 51106, 10452, 50, 8564, 7298, 8303, 6464, 5894, 65018, 10939, 3099, 55052, 384, 284106, 1760, 84971	242	1119	20581	1.900032496547242	0.5925707577649307	0.14806116535253555	0.14596100697874073
GOTERM_CC_DIRECT	GO:0005759~mitochondrial matrix	8	2.4242424242424243	0.10075843375246632	7298, 6464, 10352, 10131, 51106, 84971, 50, 384	220	327	18224	2.0265777036419235	0.9999999999998647	1.0	0.9964028776978417
UP_SEQ_FEATURE	transit peptide:Mitochondrion	10	3.0303030303030303	0.13267275308362525	1376, 284106, 1353, 10352, 10131, 65018, 51106, 50, 55052, 384	244	482	20063	1.7059213658934764	1.0	1.0	1.0
GOTERM_CC_DIRECT	GO:0005743~mitochondrial inner membrane	9	2.727272727272727	0.16106716023944548	8564, 7298, 81034, 1376, 1353, 10131, 65018, 10939, 55052	220	441	18224	1.6905380333951763	1.0	1.0	0.9964028776978417
UP_KEYWORDS	Transit peptide	10	3.0303030303030303	0.1813678583385529	1376, 284106, 1353, 10352, 10131, 65018, 51106, 50, 55052, 384	242	536	20581	1.5866689280868387	1.0	1.0	0.9893238434163701
GOTERM_CC_DIRECT	GO:0005739~mitochondrion	20	6.0606060606060606	0.24970170822980917	7298, 116986, 3035, 65018, 10939, 253190, 55052, 384, 10018, 55760, 81034, 1376, 284106, 1353, 755, 10131, 51106, 8602, 50, 10452	220	1331	18224	1.244723721057305	1.0	1.0	0.9964028776978417

Annotation Cluster 4	Enrichment Score: 1.077045516341562
Category	Term	Count	%	PValue	Genes	List Total	Pop Hits	Pop Total	Fold Enrichment	Bonferroni	Benjamini	FDR
INTERPRO	IPR013083:Zinc finger, RING/FYVE/PHD-type	13	3.939393939393939	0.008850295054801633	114804, 9146, 11083, 10273, 23609, 6477, 55120, 23081, 11177, 140545, 142678, 83860, 10336	224	453	18559	2.37767068748029	0.9919187831063565	1.0	1.0
UP_KEYWORDS	Zinc-finger	29	8.787878787878787	0.06726245482064261	23526, 114804, 9146, 11083, 199990, 92822, 64852, 23609, 6477, 116986, 55120, 23081, 51123, 142678, 340385, 10336, 94059, 9970, 5894, 221037, 203523, 5590, 64718, 140685, 11177, 140545, 90326, 83860, 8878	242	1781	20581	1.3847940380787096	0.9999999970340261	0.7151082479797645	0.7049648685757962
UP_KEYWORDS	Metal-binding	53	16.060606060606062	0.06846781097678596	9146, 23526, 199990, 92822, 23609, 6477, 55120, 63826, 23081, 6709, 51123, 239, 3675, 50, 10213, 10336, 10020, 10939, 65018, 221037, 29799, 5590, 64718, 2312, 140685, 388697, 83860, 4216, 114804, 11083, 64852, 116986, 57404, 147968, 84864, 55627, 142678, 340385, 94059, 9970, 5894, 5499, 203523, 384, 2774, 284106, 1760, 11177, 140545, 90326, 109, 8878, 10004	242	3640	20581	1.2382992007992006	0.9999999979403267	0.7151082479797645	0.7049648685757962
UP_KEYWORDS	Zinc	36	10.909090909090908	0.07999763888215188	23526, 114804, 9146, 11083, 199990, 92822, 64852, 23609, 6477, 116986, 55120, 23081, 353174, 51123, 142678, 340385, 10213, 10336, 94059, 9970, 5894, 10020, 10939, 221037, 29799, 203523, 5590, 55630, 64718, 140685, 11177, 140545, 90326, 83860, 8878, 10004	242	2348	20581	1.3039337153476847	0.9999999999385557	0.7519778054922277	0.7413114536412742
GOTERM_MF_DIRECT	GO:0046872~metal ion binding	32	9.696969696969697	0.19803508619461138	23526, 9146, 199990, 92822, 64852, 116986, 55120, 51123, 55627, 142678, 3675, 340385, 50, 10213, 10336, 94059, 5894, 10020, 5499, 221037, 29799, 203523, 384, 5590, 2774, 284106, 140685, 1760, 90326, 109, 4216, 10004	217	2069	16881	1.2031725738518797	1.0	1.0	1.0
GOTERM_MF_DIRECT	GO:0008270~zinc ion binding	16	4.848484848484849	0.5341837655523682	114804, 11083, 9970, 92822, 23609, 6477, 10939, 23081, 64718, 353174, 11177, 140545, 142678, 83860, 8878, 10336	217	1169	16881	1.064740827758571	1.0	1.0	1.0

Annotation Cluster 5	Enrichment Score: 1.0696928289510348
Category	Term	Count	%	PValue	Genes	List Total	Pop Hits	Pop Total	Fold Enrichment	Bonferroni	Benjamini	FDR
GOTERM_BP_DIRECT	GO:0006418~tRNA aminoacylation for protein translation	4	1.2121212121212122	0.013733503555102281	4141, 10352, 3035, 55152	212	40	16792	7.920754716981132	0.9999994554542039	1.0	1.0
UP_KEYWORDS	Aminoacyl-tRNA synthetase	3	0.9090909090909091	0.07291112008475045	4141, 10352, 3035	242	38	20581	6.714114832535885	0.9999999994651563	0.7171386431582556	0.7069664638226775
KEGG_PATHWAY	hsa00970:Aminoacyl-tRNA biosynthesis	3	0.9090909090909091	0.1995274573754088	4141, 10352, 3035	87	66	6879	3.5940438871473352	1.0	1.0	1.0
UP_KEYWORDS	Protein biosynthesis	4	1.2121212121212122	0.26342130782445494	4141, 27102, 10352, 3035	242	152	20581	2.238038277511962	1.0	1.0	0.9893238434163701

Annotation Cluster 6	Enrichment Score: 1.0674145078792308
Category	Term	Count	%	PValue	Genes	List Total	Pop Hits	Pop Total	Fold Enrichment	Bonferroni	Benjamini	FDR
GOTERM_BP_DIRECT	GO:0000209~protein polyubiquitination	8	2.4242424242424243	0.008696965762475601	8454, 64718, 5695, 10273, 6477, 142678, 5713, 10213	212	184	16792	3.4438063986874488	0.9998895127357583	1.0	1.0
UP_KEYWORDS	Proteasome	4	1.2121212121212122	0.024178747773925948	5695, 11047, 5713, 10213	242	53	20581	6.418524871355061	0.9989944196283174	0.3720080085118971	0.36673129917130276
GOTERM_BP_DIRECT	GO:0006521~regulation of cellular amino acid metabolic process	4	1.2121212121212122	0.026191239551902386	5695, 51686, 5713, 10213	212	51	16792	6.2123566407695145	0.9999999999990493	1.0	1.0
GOTERM_BP_DIRECT	GO:0060071~Wnt signaling pathway, planar cell polarity pathway	5	1.5151515151515151	0.02873314154551166	8322, 10082, 5695, 5713, 10213	212	92	16792	4.304757998359311	0.9999999999999377	1.0	1.0
GOTERM_CC_DIRECT	GO:0000502~proteasome complex	4	1.2121212121212122	0.03550602553799021	5695, 11047, 5713, 10213	220	60	18224	5.522424242424242	0.9999583547240621	0.8282067072488695	0.8222697416055084
GOTERM_BP_DIRECT	GO:0002223~stimulatory C-type lectin receptor signaling pathway	5	1.5151515151515151	0.043430905168353934	8454, 5695, 5894, 5713, 10213	212	105	16792	3.771787960467206	1.0	1.0	1.0
GOTERM_BP_DIRECT	GO:0038061~NIK/NF-kappaB signaling	4	1.2121212121212122	0.05027092986723625	8454, 5695, 5713, 10213	212	66	16792	4.800457404230989	1.0	1.0	1.0
GOTERM_BP_DIRECT	GO:0090263~positive regulation of canonical Wnt signaling pathway	5	1.5151515151515151	0.0647599014069683	5695, 1453, 9736, 5713, 10213	212	120	16792	3.300314465408805	1.0	1.0	1.0
GOTERM_BP_DIRECT	GO:0051437~positive regulation of ubiquitin-protein ligase activity involved in regulation of mitotic cell cycle transition	4	1.2121212121212122	0.07062601670218172	8454, 5695, 5713, 10213	212	76	16792	4.168818272095333	1.0	1.0	1.0
KEGG_PATHWAY	hsa03050:Proteasome	3	0.9090909090909091	0.104372065296097	5695, 5713, 10213	87	44	6879	5.391065830721003	0.9999999984458817	1.0	1.0
GOTERM_BP_DIRECT	GO:0043161~proteasome-mediated ubiquitin-dependent protein catabolic process	6	1.8181818181818181	0.11281050239463904	8454, 5695, 10273, 6477, 5713, 10213	212	203	16792	2.3411097685658517	1.0	1.0	1.0
GOTERM_BP_DIRECT	GO:0000165~MAPK cascade	7	2.1212121212121215	0.1133678555844085	6709, 6464, 5695, 5894, 4216, 5713, 10213	212	262	16792	2.116232176292669	1.0	1.0	1.0
GOTERM_BP_DIRECT	GO:0090090~negative regulation of canonical Wnt signaling pathway	5	1.5151515151515151	0.14916172134967276	79412, 5695, 10297, 5713, 10213	212	163	16792	2.429679361037157	1.0	1.0	1.0
GOTERM_BP_DIRECT	GO:0038095~Fc-epsilon receptor signaling pathway	5	1.5151515151515151	0.18544369953669204	8454, 6464, 5695, 5713, 10213	212	178	16792	2.224931100275599	1.0	1.0	1.0
GOTERM_BP_DIRECT	GO:0033209~tumor necrosis factor-mediated signaling pathway	4	1.2121212121212122	0.185537906614839	5695, 5713, 10213, 84817	212	118	16792	2.6850015989766547	1.0	1.0	1.0
GOTERM_BP_DIRECT	GO:0002479~antigen processing and presentation of exogenous peptide antigen via MHC class I, TAP-dependent	3	0.9090909090909091	0.18757087493541136	5695, 5713, 10213	212	63	16792	3.7717879604672055	1.0	1.0	1.0
GOTERM_BP_DIRECT	GO:0051436~negative regulation of ubiquitin-protein ligase activity involved in mitotic cell cycle	3	0.9090909090909091	0.22429686441383256	5695, 5713, 10213	212	71	16792	3.346797767738507	1.0	1.0	1.0
GOTERM_BP_DIRECT	GO:0031145~anaphase-promoting complex-dependent catabolic process	3	0.9090909090909091	0.26150637157181933	5695, 5713, 10213	212	79	16792	3.0078815380941006	1.0	1.0	1.0
GOTERM_BP_DIRECT	GO:0050852~T cell receptor signaling pathway	4	1.2121212121212122	0.28498263014153224	8454, 5695, 5713, 10213	212	148	16792	2.1407445181030087	1.0	1.0	1.0
GOTERM_BP_DIRECT	GO:0043488~regulation of mRNA stability	3	0.9090909090909091	0.3721047589402102	5695, 5713, 10213	212	103	16792	2.307015936984796	1.0	1.0	1.0

Annotation Cluster 7	Enrichment Score: 1.0418394541015725
Category	Term	Count	%	PValue	Genes	List Total	Pop Hits	Pop Total	Fold Enrichment	Bonferroni	Benjamini	FDR
GOTERM_BP_DIRECT	GO:0006511~ubiquitin-dependent protein catabolic process	8	2.4242424242424243	0.008218371694112082	8454, 10273, 6477, 65018, 11047, 9736, 8878, 10213	212	182	16792	3.4816504250466513	0.9998172111359757	1.0	1.0
GOTERM_BP_DIRECT	GO:0000209~protein polyubiquitination	8	2.4242424242424243	0.008696965762475601	8454, 64718, 5695, 10273, 6477, 142678, 5713, 10213	212	184	16792	3.4438063986874488	0.9998895127357583	1.0	1.0
UP_KEYWORDS	Ligase	10	3.0303030303030303	0.021539450955287164	10998, 64718, 4141, 10273, 23609, 6477, 10352, 3035, 142678, 55120	242	347	20581	2.4508776526067595	0.9978461463168292	0.3720080085118971	0.36673129917130276
KEGG_PATHWAY	hsa04120:Ubiquitin mediated proteolysis	5	1.5151515151515151	0.09190182510382956	8454, 57448, 10273, 6477, 55120	87	137	6879	2.885728668512459	0.999999980210459	1.0	1.0
GOTERM_BP_DIRECT	GO:0043161~proteasome-mediated ubiquitin-dependent protein catabolic process	6	1.8181818181818181	0.11281050239463904	8454, 5695, 10273, 6477, 5713, 10213	212	203	16792	2.3411097685658517	1.0	1.0	1.0
GOTERM_MF_DIRECT	GO:0016874~ligase activity	7	2.1212121212121215	0.13243345123610778	64718, 57448, 10273, 23609, 6477, 142678, 55120	217	270	16881	2.0168458781362006	1.0	1.0	1.0
UP_KEYWORDS	Ubl conjugation pathway	12	3.6363636363636362	0.17551983799171555	8454, 64718, 57448, 10273, 23609, 6477, 142678, 84971, 9736, 140459, 55120, 10213	242	680	20581	1.5008021390374333	1.0	1.0	0.9893238434163701
GOTERM_MF_DIRECT	GO:0061630~ubiquitin protein ligase activity	5	1.5151515151515151	0.21831260615982132	8454, 10273, 6477, 142678, 55120	217	187	16881	2.080016757436112	1.0	1.0	1.0
GOTERM_MF_DIRECT	GO:0004842~ubiquitin-protein transferase activity	7	2.1212121212121215	0.24557368947779584	8454, 64718, 57448, 10273, 6477, 142678, 55120	217	329	16881	1.6551622708108638	1.0	1.0	1.0
GOTERM_MF_DIRECT	GO:0031625~ubiquitin protein ligase binding	6	1.8181818181818181	0.3042832235265718	8322, 8454, 10273, 65018, 8878, 55120	217	287	16881	1.6263266911800125	1.0	1.0	1.0
GOTERM_BP_DIRECT	GO:0042787~protein ubiquitination involved in ubiquitin-dependent protein catabolic process	3	0.9090909090909091	0.5725871570648641	8454, 10273, 6477	212	153	16792	1.5530891601923789	1.0	1.0	1.0

Annotation Cluster 8	Enrichment Score: 1.04130333727457
Category	Term	Count	%	PValue	Genes	List Total	Pop Hits	Pop Total	Fold Enrichment	Bonferroni	Benjamini	FDR
INTERPRO	IPR013083:Zinc finger, RING/FYVE/PHD-type	13	3.939393939393939	0.008850295054801633	114804, 9146, 11083, 10273, 23609, 6477, 55120, 23081, 11177, 140545, 142678, 83860, 10336	224	453	18559	2.37767068748029	0.9919187831063565	1.0	1.0
INTERPRO	IPR001841:Zinc finger, RING-type	7	2.1212121212121215	0.1450322564351002	114804, 64718, 23609, 6477, 140545, 142678, 10336	224	295	18559	1.9659957627118645	1.0	1.0	1.0
UP_SEQ_FEATURE	zinc finger region:RING-type	6	1.8181818181818181	0.1478556904785533	114804, 64718, 23609, 6477, 55120, 10336	244	230	20063	2.1450106913756235	1.0	1.0	1.0
SMART	SM00184:RING	5	1.5151515151515151	0.36018552342947174	114804, 23609, 140545, 142678, 10336	126	244	10057	1.6356036950299244	1.0	1.0	1.0

Annotation Cluster 9	Enrichment Score: 0.9743263801804037
Category	Term	Count	%	PValue	Genes	List Total	Pop Hits	Pop Total	Fold Enrichment	Bonferroni	Benjamini	FDR
UP_KEYWORDS	ATP-binding	27	8.181818181818182	0.012432441520084762	7444, 64794, 64852, 63922, 63826, 10998, 4629, 55760, 27102, 1453, 953, 10352, 10131, 23517, 4141, 5894, 10020, 3035, 65018, 10939, 3099, 5590, 1760, 196385, 11011, 109, 4216	242	1391	20581	1.6507744591856741	0.9706342013428564	0.3505948508663903	0.3456218742583564
UP_KEYWORDS	Nucleotide-binding	32	9.696969696969697	0.017756100688837505	7444, 64794, 64852, 116986, 84617, 63922, 63826, 10998, 4629, 55760, 27102, 1453, 953, 10352, 10131, 23517, 4141, 5870, 5894, 10020, 3035, 65018, 10939, 29899, 3099, 5590, 2774, 1760, 196385, 11011, 109, 4216	242	1788	20581	1.5220663005897905	0.99360480327303	0.3720080085118971	0.36673129917130276
GOTERM_BP_DIRECT	GO:0018105~peptidyl-serine phosphorylation	6	1.8181818181818181	0.020829482633491728	7444, 1453, 1760, 11011, 65018, 5590	212	125	16792	3.8019622641509434	0.9999999997080983	1.0	1.0
GOTERM_MF_DIRECT	GO:0005524~ATP binding	29	8.787878787878787	0.02640882435782578	7444, 64794, 64852, 63922, 63826, 10998, 4629, 55760, 27102, 1453, 953, 10352, 10131, 23517, 4141, 5894, 10020, 3035, 65018, 10939, 3099, 55152, 5590, 1760, 196385, 11011, 6853, 109, 4216	217	1495	16881	1.5090208529198712	0.9999637028734172	1.0	1.0
INTERPRO	IPR008271:Serine/threonine-protein kinase, active site	9	2.727272727272727	0.03479642406973455	7444, 27102, 5894, 1453, 1760, 11011, 65018, 4216, 5590	224	312	18559	2.3899811126373627	0.9999999953926008	1.0	1.0
UP_SEQ_FEATURE	binding site:ATP	12	3.6363636363636362	0.07799166518475886	4141, 7444, 27102, 5894, 1453, 1760, 11011, 10131, 65018, 3099, 4216, 5590	244	558	20063	1.7682883835713026	1.0	1.0	1.0
SMART	SM00220:S_TKc	9	2.727272727272727	0.07849897987037076	7444, 27102, 5894, 1453, 1760, 11011, 65018, 4216, 5590	126	359	10057	2.000994826900119	0.9999757642399953	1.0	1.0
UP_KEYWORDS	Serine/threonine-protein kinase	9	2.727272727272727	0.0920229655492665	7444, 27102, 5894, 1453, 1760, 11011, 65018, 4216, 5590	242	393	20581	1.9476058292852187	0.9999999999984964	0.818590510301865	0.8069792973897818
UP_SEQ_FEATURE	nucleotide phosphate-binding region:ATP	18	5.454545454545454	0.09618236770152273	23517, 7444, 64794, 10020, 5894, 65018, 10939, 63922, 5590, 4629, 55760, 27102, 1453, 1760, 196385, 11011, 11066, 4216	244	994	20063	1.4889913249991753	1.0	1.0	1.0
GOTERM_MF_DIRECT	GO:0004674~protein serine/threonine kinase activity	8	2.4242424242424243	0.20845565328782698	7444, 5894, 1453, 1760, 11011, 65018, 8878, 5590	217	376	16881	1.6551622708108638	1.0	1.0	1.0
GOTERM_BP_DIRECT	GO:0006468~protein phosphorylation	9	2.727272727272727	0.2163298222917209	57448, 7444, 5894, 1453, 1760, 11011, 65018, 8878, 5590	212	456	16792	1.5633068520357496	1.0	1.0	1.0
UP_SEQ_FEATURE	domain:Protein kinase	9	2.727272727272727	0.225340818358593	7444, 27102, 5894, 1453, 1760, 11011, 65018, 4216, 5590	244	478	20063	1.548177172645586	1.0	1.0	1.0
INTERPRO	IPR000719:Protein kinase, catalytic domain	9	2.727272727272727	0.2286716930345869	7444, 27102, 5894, 1453, 1760, 11011, 65018, 4216, 5590	224	487	18559	1.531158330888824	1.0	1.0	1.0
UP_KEYWORDS	Kinase	12	3.6363636363636362	0.24504375459195835	9146, 7444, 27102, 10020, 5894, 1453, 1760, 11011, 65018, 3099, 4216, 5590	242	735	20581	1.3884972170686458	1.0	1.0	0.9893238434163701
UP_KEYWORDS	Transferase	24	7.2727272727272725	0.27160739172878173	9146, 10090, 7298, 8694, 7444, 25917, 10020, 5894, 64852, 65018, 3099, 126792, 28989, 5590, 57448, 27102, 3038, 1376, 1453, 1760, 11011, 51106, 8888, 4216	242	1708	20581	1.195018096657441	1.0	1.0	0.9893238434163701
UP_SEQ_FEATURE	active site:Proton acceptor	11	3.3333333333333335	0.2947549479262814	7444, 27102, 1376, 5894, 1453, 1760, 11011, 65018, 4216, 5590, 3292	244	672	20063	1.345951649102264	1.0	1.0	1.0
INTERPRO	IPR011009:Protein kinase-like domain	9	2.727272727272727	0.30683969426783986	7444, 27102, 5894, 1453, 1760, 11011, 65018, 4216, 5590	224	531	18559	1.404282687651332	1.0	1.0	1.0
INTERPRO	IPR017441:Protein kinase, ATP binding site	7	2.1212121212121215	0.30780394681441725	27102, 5894, 1453, 1760, 11011, 4216, 5590	224	381	18559	1.522227690288714	1.0	1.0	1.0
GOTERM_MF_DIRECT	GO:0004672~protein kinase activity	7	2.1212121212121215	0.3118992233077789	7444, 5894, 1453, 1760, 65018, 4216, 5590	217	359	16881	1.5168478749213765	1.0	1.0	1.0

Annotation Cluster 10	Enrichment Score: 0.882868717504871
Category	Term	Count	%	PValue	Genes	List Total	Pop Hits	Pop Total	Fold Enrichment	Bonferroni	Benjamini	FDR
UP_SEQ_FEATURE	metal ion-binding site:Iron; catalytic	3	0.9090909090909091	0.036502677148024444	23081, 239, 221037	244	25	20063	9.86704918032787	0.9999999999999871	1.0	1.0
UP_SEQ_FEATURE	domain:JmjC	3	0.9090909090909091	0.057131258515133204	23081, 84864, 221037	244	32	20063	7.708632172131147	1.0	1.0	1.0
INTERPRO	IPR003347:JmjC domain	3	0.9090909090909091	0.059493255609577356	23081, 84864, 221037	224	33	18559	7.532061688311688	0.9999999999999963	1.0	1.0
UP_KEYWORDS	Dioxygenase	4	1.2121212121212122	0.07374830018294118	23081, 84864, 239, 221037	242	83	20581	4.098576122672508	0.9999999995854442	0.7171386431582556	0.7069664638226775
UP_KEYWORDS	Iron	7	2.1212121212121215	0.18125292826665262	23081, 57404, 284106, 84864, 239, 221037, 50	242	324	20581	1.837401795735129	1.0	1.0	0.9893238434163701
UP_KEYWORDS	Oxidoreductase	8	2.4242424242424243	0.5251972225033551	23081, 8564, 57404, 26330, 84864, 239, 221037, 3292	242	582	20581	1.169009684473602	1.0	1.0	0.9893238434163701
GOTERM_BP_DIRECT	GO:0055114~oxidation-reduction process	7	2.1212121212121215	0.7583911684335529	23081, 8564, 57404, 84864, 221037, 84817, 3292	212	592	16792	0.9365757266700663	1.0	1.0	1.0

Annotation Cluster 11	Enrichment Score: 0.8823464855258206
Category	Term	Count	%	PValue	Genes	List Total	Pop Hits	Pop Total	Fold Enrichment	Bonferroni	Benjamini	FDR
INTERPRO	IPR011011:Zinc finger, FYVE/PHD-type	5	1.5151515151515151	0.09040074090086779	23081, 9146, 11083, 11177, 83860	224	141	18559	2.9380382472137794	1.0	1.0	1.0
INTERPRO	IPR001965:Zinc finger, PHD-type	4	1.2121212121212122	0.09194580312390747	23081, 11083, 11177, 83860	224	89	18559	3.723715890850722	1.0	1.0	1.0
SMART	SM00249:PHD	4	1.2121212121212122	0.0988807002581609	23081, 11083, 11177, 83860	126	89	10057	3.587301587301587	0.9999986765794652	1.0	1.0
UP_SEQ_FEATURE	zinc finger region:PHD-type	3	0.9090909090909091	0.1308810710947058	11083, 11177, 83860	244	52	20063	4.743773644388399	1.0	1.0	1.0
INTERPRO	IPR019786:Zinc finger, PHD-type, conserved site	3	0.9090909090909091	0.19245904636114664	11083, 11177, 83860	224	67	18559	3.7098214285714284	1.0	1.0	1.0
INTERPRO	IPR019787:Zinc finger, PHD-finger	3	0.9090909090909091	0.24540899843867614	11083, 11177, 83860	224	79	18559	3.1463042495479203	1.0	1.0	1.0

Annotation Cluster 12	Enrichment Score: 0.8086436733138129
Category	Term	Count	%	PValue	Genes	List Total	Pop Hits	Pop Total	Fold Enrichment	Bonferroni	Benjamini	FDR
UP_SEQ_FEATURE	zinc finger region:Phorbol-ester/DAG-type	3	0.9090909090909091	0.10310348220547501	23526, 5894, 5590	244	45	20063	5.481693989071038	1.0	1.0	1.0
INTERPRO	IPR002219:Protein kinase C-like, phorbol ester/diacylglycerol binding	3	0.9090909090909091	0.18811072073520957	23526, 5894, 5590	224	66	18559	3.766030844155844	1.0	1.0	1.0
SMART	SM00109:C1	3	0.9090909090909091	0.1933668841962437	23526, 5894, 5590	126	65	10057	3.6838827838827837	0.9999999999992623	1.0	1.0

Annotation Cluster 13	Enrichment Score: 0.7723933588181489
Category	Term	Count	%	PValue	Genes	List Total	Pop Hits	Pop Total	Fold Enrichment	Bonferroni	Benjamini	FDR
UP_SEQ_FEATURE	domain:PX	3	0.9090909090909091	0.1147988205759942	9784, 221749, 79856	244	48	20063	5.139088114754099	1.0	1.0	1.0
INTERPRO	IPR001683:Phox homologous domain	3	0.9090909090909091	0.14143541846597396	9784, 221749, 79856	224	55	18559	4.519237012987013	1.0	1.0	1.0
GOTERM_MF_DIRECT	GO:0035091~phosphatidylinositol binding	3	0.9090909090909091	0.29670462601073216	9784, 221749, 79856	217	85	16881	2.7456221198156685	1.0	1.0	1.0

Annotation Cluster 14	Enrichment Score: 0.7675148141451145
Category	Term	Count	%	PValue	Genes	List Total	Pop Hits	Pop Total	Fold Enrichment	Bonferroni	Benjamini	FDR
KEGG_PATHWAY	hsa04910:Insulin signaling pathway	6	1.8181818181818181	0.028825181331639423	6464, 1399, 5894, 5499, 3099, 5590	87	138	6879	3.4377811094452775	0.9954003580772413	1.0	1.0
BIOCARTA	h_pyk2Pathway:Links between Pyk2 and Map Kinases	3	0.9090909090909091	0.03695544603491366	6464, 1399, 5894	19	28	1625	9.163533834586467	0.9508288493498775	0.8770765293914163	0.8770765293914163
BIOCARTA	h_integrinPathway:Integrin Signaling Pathway	3	0.9090909090909091	0.06140448655851541	6464, 1399, 5894	19	37	1625	6.93456614509246	0.9937153960558089	0.8770765293914163	0.8770765293914163
BIOCARTA	h_il2rbPathway:IL-2 Receptor Beta Chain in T cell Activation	3	0.9090909090909091	0.0674373090351196	6464, 1399, 5894	19	39	1625	6.578947368421052	0.9962481719004525	0.8770765293914163	0.8770765293914163
KEGG_PATHWAY	hsa04062:Chemokine signaling pathway	6	1.8181818181818181	0.08273396453568022	58191, 6464, 1399, 5894, 109, 5590	87	186	6879	2.550611790878754	0.9999998743572177	1.0	1.0
KEGG_PATHWAY	hsa04810:Regulation of actin cytoskeleton	6	1.8181818181818181	0.12184212835558254	1399, 5894, 5499, 1133, 10297, 3675	87	210	6879	2.2591133004926105	0.9999999999585659	1.0	1.0
KEGG_PATHWAY	hsa05220:Chronic myeloid leukemia	3	0.9090909090909091	0.22710777132716728	6464, 1399, 5894	87	72	6879	3.2945402298850572	1.0	1.0	1.0
KEGG_PATHWAY	hsa04510:Focal adhesion	5	1.5151515151515151	0.25658998481373596	6464, 1399, 5894, 5499, 3675	87	206	6879	1.9191496484767325	1.0	1.0	1.0
KEGG_PATHWAY	hsa04012:ErbB signaling pathway	3	0.9090909090909091	0.29682005145778756	6464, 1399, 5894	87	87	6879	2.7265160523186682	1.0	1.0	1.0
GOTERM_BP_DIRECT	GO:0007507~heart development	4	1.2121212121212122	0.4028655347003635	6464, 1399, 5894, 3675	212	183	16792	1.7313125064439634	1.0	1.0	1.0
KEGG_PATHWAY	hsa04722:Neurotrophin signaling pathway	3	0.9090909090909091	0.4447458464672804	6464, 1399, 5894	87	120	6879	1.9767241379310345	1.0	1.0	1.0
KEGG_PATHWAY	hsa05206:MicroRNAs in cancer	5	1.5151515151515151	0.4829084200663759	10018, 6464, 1399, 5894, 10297	87	286	6879	1.3823245719797443	1.0	1.0	1.0
KEGG_PATHWAY	hsa04015:Rap1 signaling pathway	4	1.2121212121212122	0.4912917449775094	1399, 5894, 109, 5590	87	210	6879	1.5060755336617404	1.0	1.0	1.0
KEGG_PATHWAY	hsa05200:Pathways in cancer	6	1.8181818181818181	0.5499450070520495	8322, 1399, 5894, 10297, 3675, 109	87	393	6879	1.2071597788891812	1.0	1.0	1.0

Annotation Cluster 15	Enrichment Score: 0.7033207237686502
Category	Term	Count	%	PValue	Genes	List Total	Pop Hits	Pop Total	Fold Enrichment	Bonferroni	Benjamini	FDR
UP_SEQ_FEATURE	repeat:27	3	0.9090909090909091	0.04787421159767307	4670, 388697, 6238	244	29	20063	8.50607687959299	1.0	1.0	1.0
UP_SEQ_FEATURE	repeat:26	3	0.9090909090909091	0.05398038637399777	4670, 388697, 6238	244	31	20063	7.957297726070862	1.0	1.0	1.0
UP_SEQ_FEATURE	repeat:24	3	0.9090909090909091	0.06361856729759345	4670, 388697, 6238	244	34	20063	7.255183220829315	1.0	1.0	1.0
UP_SEQ_FEATURE	repeat:25	3	0.9090909090909091	0.06361856729759345	4670, 388697, 6238	244	34	20063	7.255183220829315	1.0	1.0	1.0
UP_SEQ_FEATURE	repeat:23	3	0.9090909090909091	0.0737845748218399	4670, 388697, 6238	244	37	20063	6.666925121843155	1.0	1.0	1.0
UP_SEQ_FEATURE	repeat:22	3	0.9090909090909091	0.08807436863813073	4670, 388697, 6238	244	41	20063	6.016493402638945	1.0	1.0	1.0
UP_SEQ_FEATURE	repeat:21	3	0.9090909090909091	0.0955030796556617	4670, 388697, 6238	244	43	20063	5.736656500190621	1.0	1.0	1.0
UP_SEQ_FEATURE	repeat:20	3	0.9090909090909091	0.1069641448036984	4670, 388697, 6238	244	46	20063	5.362526728439059	1.0	1.0	1.0
UP_SEQ_FEATURE	repeat:19	3	0.9090909090909091	0.1147988205759942	4670, 388697, 6238	244	48	20063	5.139088114754099	1.0	1.0	1.0
UP_SEQ_FEATURE	repeat:18	3	0.9090909090909091	0.1187698963249638	4670, 388697, 6238	244	49	20063	5.0342087654734025	1.0	1.0	1.0
UP_SEQ_FEATURE	repeat:17	3	0.9090909090909091	0.14744093804647473	4670, 388697, 6238	244	56	20063	4.404932669789227	1.0	1.0	1.0
UP_SEQ_FEATURE	repeat:16	3	0.9090909090909091	0.16868911775629142	4670, 388697, 6238	244	61	20063	4.043872614888471	1.0	1.0	1.0
UP_SEQ_FEATURE	repeat:15	3	0.9090909090909091	0.22583938940061474	4670, 388697, 6238	244	74	20063	3.3334625609215776	1.0	1.0	1.0
UP_SEQ_FEATURE	repeat:14	3	0.9090909090909091	0.25271262238760217	4670, 388697, 6238	244	80	20063	3.083452868852459	1.0	1.0	1.0
UP_SEQ_FEATURE	repeat:13	3	0.9090909090909091	0.27067835130825557	4670, 388697, 6238	244	84	20063	2.9366217798594847	1.0	1.0	1.0
UP_SEQ_FEATURE	repeat:12	3	0.9090909090909091	0.2796595837772289	4670, 388697, 6238	244	86	20063	2.8683282500953107	1.0	1.0	1.0
UP_SEQ_FEATURE	repeat:11	3	0.9090909090909091	0.29311509545924974	4670, 388697, 6238	244	89	20063	2.7716430281819853	1.0	1.0	1.0
UP_SEQ_FEATURE	repeat:5	4	1.2121212121212122	0.3096225976549103	4670, 388697, 10297, 6238	244	161	20063	2.0428673251196416	1.0	1.0	1.0
UP_SEQ_FEATURE	repeat:10	3	0.9090909090909091	0.33322067310717934	4670, 388697, 6238	244	98	20063	2.5171043827367012	1.0	1.0	1.0
UP_SEQ_FEATURE	repeat:9	3	0.9090909090909091	0.37265609788190657	4670, 388697, 6238	244	107	20063	2.305385322506511	1.0	1.0	1.0
UP_SEQ_FEATURE	repeat:4	4	1.2121212121212122	0.41161059696587116	4670, 388697, 10297, 6238	244	192	20063	1.7130293715846996	1.0	1.0	1.0
UP_SEQ_FEATURE	repeat:8	3	0.9090909090909091	0.44433359023619035	4670, 388697, 6238	244	124	20063	1.9893244315177154	1.0	1.0	1.0
UP_SEQ_FEATURE	repeat:7	3	0.9090909090909091	0.4804174673727067	4670, 388697, 6238	244	133	20063	1.8547084925428323	1.0	1.0	1.0
UP_SEQ_FEATURE	repeat:3	4	1.2121212121212122	0.5145624749031736	4670, 388697, 10297, 6238	244	225	20063	1.461785063752277	1.0	1.0	1.0
UP_SEQ_FEATURE	repeat:6	3	0.9090909090909091	0.5335993475107935	4670, 388697, 6238	244	147	20063	1.678069588491134	1.0	1.0	1.0
UP_SEQ_FEATURE	repeat:1	4	1.2121212121212122	0.6045890311420271	4670, 388697, 10297, 6238	244	257	20063	1.2797729157364293	1.0	1.0	1.0
UP_SEQ_FEATURE	repeat:2	4	1.2121212121212122	0.6124440017586716	4670, 388697, 10297, 6238	244	260	20063	1.2650063051702398	1.0	1.0	1.0

Annotation Cluster 16	Enrichment Score: 0.5843739796997071
Category	Term	Count	%	PValue	Genes	List Total	Pop Hits	Pop Total	Fold Enrichment	Bonferroni	Benjamini	FDR
KEGG_PATHWAY	hsa04915:Estrogen signaling pathway	4	1.2121212121212122	0.12645626535223264	6464, 5894, 109, 10488	87	99	6879	3.1947056774642983	0.9999999999842828	1.0	1.0
KEGG_PATHWAY	hsa04916:Melanogenesis	4	1.2121212121212122	0.12925145637688734	8322, 5894, 109, 10488	87	100	6879	3.162758620689655	0.999999999991285	1.0	1.0
KEGG_PATHWAY	hsa05034:Alcoholism	5	1.5151515151515151	0.1801008804203894	6464, 5894, 5499, 116444, 10488	87	177	6879	2.2335865965322426	0.9999999999999999	1.0	1.0
KEGG_PATHWAY	hsa05031:Amphetamine addiction	3	0.9090909090909091	0.1995274573754088	5499, 116444, 10488	87	66	6879	3.5940438871473352	1.0	1.0	1.0
KEGG_PATHWAY	hsa04024:cAMP signaling pathway	5	1.5151515151515151	0.23475762710595946	5894, 5499, 116444, 109, 10488	87	198	6879	1.9966910484151865	1.0	1.0	1.0
KEGG_PATHWAY	hsa04022:cGMP-PKG signaling pathway	4	1.2121212121212122	0.3164585375543424	5894, 5499, 109, 10488	87	158	6879	2.0017459624618072	1.0	1.0	1.0
KEGG_PATHWAY	hsa04270:Vascular smooth muscle contraction	3	0.9090909090909091	0.4319199532032985	5894, 5499, 109	87	117	6879	2.0274093722369586	1.0	1.0	1.0
KEGG_PATHWAY	hsa04261:Adrenergic signaling in cardiomyocytes	3	0.9090909090909091	0.5181929439679507	5499, 109, 10488	87	138	6879	1.7188905547226387	1.0	1.0	1.0
KEGG_PATHWAY	hsa04921:Oxytocin signaling pathway	3	0.9090909090909091	0.563519035967057	5894, 5499, 109	87	150	6879	1.5813793103448277	1.0	1.0	1.0

Annotation Cluster 17	Enrichment Score: 0.5183268240107418
Category	Term	Count	%	PValue	Genes	List Total	Pop Hits	Pop Total	Fold Enrichment	Bonferroni	Benjamini	FDR
GOTERM_BP_DIRECT	GO:0098609~cell-cell adhesion	6	1.8181818181818181	0.25486856356874876	10190, 7112, 6709, 1399, 55379, 1453	212	271	16792	1.7536726310659332	1.0	1.0	1.0
GOTERM_MF_DIRECT	GO:0098641~cadherin binding involved in cell-cell adhesion	6	1.8181818181818181	0.31369504352211364	10190, 7112, 6709, 1399, 55379, 1453	217	290	16881	1.609502621960909	1.0	1.0	1.0
GOTERM_CC_DIRECT	GO:0005913~cell-cell adherens junction	6	1.8181818181818181	0.3484942364302358	10190, 7112, 6709, 1399, 55379, 1453	220	323	18224	1.538755980861244	1.0	1.0	0.9964028776978417

Annotation Cluster 18	Enrichment Score: 0.4755915023623518
Category	Term	Count	%	PValue	Genes	List Total	Pop Hits	Pop Total	Fold Enrichment	Bonferroni	Benjamini	FDR
UP_SEQ_FEATURE	repeat:ANK 6	4	1.2121212121212122	0.11881130061426065	57524, 142678, 348094, 140459	244	99	20063	3.322238781255175	1.0	1.0	1.0
UP_SEQ_FEATURE	repeat:ANK 5	4	1.2121212121212122	0.24729903500384826	57524, 142678, 348094, 140459	244	142	20063	2.316208727776495	1.0	1.0	1.0
UP_SEQ_FEATURE	repeat:ANK 4	4	1.2121212121212122	0.339461454040629	57524, 142678, 348094, 140459	244	170	20063	1.9347155255544841	1.0	1.0	1.0
UP_SEQ_FEATURE	repeat:ANK 1	5	1.5151515151515151	0.34263183570506	57524, 116986, 142678, 348094, 140459	244	244	20063	1.684946922870196	1.0	1.0	1.0
UP_SEQ_FEATURE	repeat:ANK 2	5	1.5151515151515151	0.34481172366965185	57524, 116986, 142678, 348094, 140459	244	245	20063	1.678069588491134	1.0	1.0	1.0
INTERPRO	IPR002110:Ankyrin repeat	5	1.5151515151515151	0.36724708088871605	57524, 116986, 142678, 348094, 140459	224	255	18559	1.624562324929972	1.0	1.0	1.0
UP_KEYWORDS	ANK repeat	5	1.5151515151515151	0.3738985251488913	57524, 116986, 142678, 348094, 140459	242	264	20581	1.6107093663911844	1.0	1.0	0.9893238434163701
INTERPRO	IPR020683:Ankyrin repeat-containing domain	5	1.5151515151515151	0.3918429619737859	57524, 116986, 142678, 348094, 140459	224	265	18559	1.5632580862533692	1.0	1.0	1.0
UP_SEQ_FEATURE	repeat:ANK 3	4	1.2121212121212122	0.45947400229186397	57524, 142678, 348094, 140459	244	207	20063	1.5888968084263881	1.0	1.0	1.0
SMART	SM00248:ANK	4	1.2121212121212122	0.6021705367264696	57524, 142678, 348094, 140459	126	249	10057	1.2822081978708484	1.0	1.0	1.0

Annotation Cluster 19	Enrichment Score: 0.4519715389553901
Category	Term	Count	%	PValue	Genes	List Total	Pop Hits	Pop Total	Fold Enrichment	Bonferroni	Benjamini	FDR
GOTERM_MF_DIRECT	GO:0004004~ATP-dependent RNA helicase activity	3	0.9090909090909091	0.20211932248969092	55760, 23517, 64794	217	65	16881	3.590428925912797	1.0	1.0	1.0
INTERPRO	IPR014001:Helicase, superfamily 1/2, ATP-binding domain	3	0.9090909090909091	0.38186657280146385	55760, 23517, 64794	224	110	18559	2.2596185064935064	1.0	1.0	1.0
UP_SEQ_FEATURE	domain:Helicase ATP-binding	3	0.9090909090909091	0.4026746599712461	55760, 23517, 64794	244	114	20063	2.1638265746333047	1.0	1.0	1.0
UP_KEYWORDS	Helicase	3	0.9090909090909091	0.5007720327215646	55760, 23517, 64794	242	143	20581	1.784170375079466	1.0	1.0	0.9893238434163701

Annotation Cluster 20	Enrichment Score: 0.43626438157490405
Category	Term	Count	%	PValue	Genes	List Total	Pop Hits	Pop Total	Fold Enrichment	Bonferroni	Benjamini	FDR
INTERPRO	IPR011511:Variant SH3	3	0.9090909090909091	0.16660032548335374	57524, 1399, 79729	224	61	18559	4.074721896955504	1.0	1.0	1.0
UP_KEYWORDS	SH3 domain	4	1.2121212121212122	0.4622362801943367	57524, 6709, 1399, 79729	242	215	20581	1.5822410147991544	1.0	1.0	0.9893238434163701
SMART	SM00326:SH3	4	1.2121212121212122	0.473918272561352	57524, 6709, 1399, 79729	126	206	10057	1.5498535983972876	1.0	1.0	1.0
INTERPRO	IPR001452:Src homology-3 domain	4	1.2121212121212122	0.4928322786742295	57524, 6709, 1399, 79729	224	218	18559	1.520232634338139	1.0	1.0	1.0

Annotation Cluster 21	Enrichment Score: 0.3909109050252878
Category	Term	Count	%	PValue	Genes	List Total	Pop Hits	Pop Total	Fold Enrichment	Bonferroni	Benjamini	FDR
GOTERM_MF_DIRECT	GO:0008237~metallopeptidase activity	3	0.9090909090909091	0.27774260964078606	10939, 10004, 10213	217	81	16881	2.88120839733743	1.0	1.0	1.0
UP_KEYWORDS	Protease	8	2.4242424242424243	0.4534922783596349	147968, 5695, 11098, 10939, 84971, 9736, 10004, 10213	242	544	20581	1.250668449197861	1.0	1.0	0.9893238434163701
UP_KEYWORDS	Metalloprotease	3	0.9090909090909091	0.5334022907161522	10939, 10004, 10213	242	152	20581	1.6785287081339713	1.0	1.0	0.9893238434163701

Annotation Cluster 22	Enrichment Score: 0.3171507352846721
Category	Term	Count	%	PValue	Genes	List Total	Pop Hits	Pop Total	Fold Enrichment	Bonferroni	Benjamini	FDR
GOTERM_CC_DIRECT	GO:0005789~endoplasmic reticulum membrane	13	3.939393939393939	0.3423055704532906	7112, 8694, 5870, 7444, 10998, 2677, 55379, 1760, 56246, 55627, 138311, 10488, 11018	220	862	18224	1.2492723054207973	1.0	1.0	0.9964028776978417
UP_KEYWORDS	Endoplasmic reticulum	14	4.242424242424243	0.489017889533604	8694, 7444, 10998, 57338, 2677, 55379, 1760, 56246, 55627, 6238, 138311, 8878, 10488, 11018	242	1067	20581	1.115872880633893	1.0	1.0	0.9893238434163701
GOTERM_CC_DIRECT	GO:0005783~endoplasmic reticulum	10	3.0303030303030303	0.6680501725526566	10998, 7444, 10273, 55379, 56246, 55627, 6238, 8878, 10488, 11018	220	828	18224	1.0004391743522179	1.0	1.0	0.9964028776978417

Annotation Cluster 23	Enrichment Score: 0.24170211293617308
Category	Term	Count	%	PValue	Genes	List Total	Pop Hits	Pop Total	Fold Enrichment	Bonferroni	Benjamini	FDR
INTERPRO	IPR019775:WD40 repeat, conserved site	4	1.2121212121212122	0.3241862017294952	5928, 55779, 1130, 197335	224	166	18559	1.99645008605852	1.0	1.0	1.0
UP_SEQ_FEATURE	repeat:WD 6	4	1.2121212121212122	0.42449679085469944	5928, 55779, 1130, 197335	244	196	20063	1.6780695884911343	1.0	1.0	1.0
UP_SEQ_FEATURE	repeat:WD 7	3	0.9090909090909091	0.5480990330269399	55779, 1130, 197335	244	151	20063	1.6336174139615676	1.0	1.0	1.0
UP_SEQ_FEATURE	repeat:WD 5	4	1.2121212121212122	0.5497108159629647	5928, 55779, 1130, 197335	244	237	20063	1.3877706301445667	1.0	1.0	1.0
INTERPRO	IPR015943:WD40/YVTN repeat-like-containing domain	5	1.5151515151515151	0.5649435041534128	57448, 5928, 55779, 1130, 197335	224	331	18559	1.251551035822184	1.0	1.0	1.0
UP_SEQ_FEATURE	repeat:WD 4	4	1.2121212121212122	0.5992946269535278	5928, 55779, 1130, 197335	244	255	20063	1.289810350369656	1.0	1.0	1.0
INTERPRO	IPR001680:WD40 repeat	4	1.2121212121212122	0.6276579658107926	5928, 55779, 1130, 197335	224	268	18559	1.2366071428571428	1.0	1.0	1.0
UP_SEQ_FEATURE	repeat:WD 3	4	1.2121212121212122	0.6353783696709496	5928, 55779, 1130, 197335	244	269	20063	1.2226826741422392	1.0	1.0	1.0
UP_KEYWORDS	WD repeat	4	1.2121212121212122	0.641968182181025	5928, 55779, 1130, 197335	242	281	20581	1.2106114526043352	1.0	1.0	0.9893238434163701
SMART	SM00320:WD40	4	1.2121212121212122	0.6494595580650507	5928, 55779, 1130, 197335	126	267	10057	1.1957671957671958	1.0	1.0	1.0
UP_SEQ_FEATURE	repeat:WD 1	4	1.2121212121212122	0.6573561220180296	5928, 55779, 1130, 197335	244	278	20063	1.1830994221016629	1.0	1.0	1.0
UP_SEQ_FEATURE	repeat:WD 2	4	1.2121212121212122	0.6573561220180296	5928, 55779, 1130, 197335	244	278	20063	1.1830994221016629	1.0	1.0	1.0
INTERPRO	IPR017986:WD40-repeat-containing domain	4	1.2121212121212122	0.7147305765272246	5928, 55779, 1130, 197335	224	306	18559	1.0830415499533146	1.0	1.0	1.0

Annotation Cluster 24	Enrichment Score: 0.237821166830026
Category	Term	Count	%	PValue	Genes	List Total	Pop Hits	Pop Total	Fold Enrichment	Bonferroni	Benjamini	FDR
UP_SEQ_FEATURE	repeat:TPR 3	3	0.9090909090909091	0.5445037276607381	10273, 196385, 29899	244	150	20063	1.6445081967213115	1.0	1.0	1.0
UP_KEYWORDS	TPR repeat	3	0.9090909090909091	0.5842210206210524	10273, 196385, 29899	242	167	20581	1.5277626565051714	1.0	1.0	0.9893238434163701
UP_SEQ_FEATURE	repeat:TPR 1	3	0.9090909090909091	0.5930190546400496	10273, 196385, 29899	244	164	20063	1.5041233506597362	1.0	1.0	1.0
UP_SEQ_FEATURE	repeat:TPR 2	3	0.9090909090909091	0.5930190546400496	10273, 196385, 29899	244	164	20063	1.5041233506597362	1.0	1.0	1.0

Annotation Cluster 25	Enrichment Score: 0.22392132226107403
Category	Term	Count	%	PValue	Genes	List Total	Pop Hits	Pop Total	Fold Enrichment	Bonferroni	Benjamini	FDR
INTERPRO	IPR018247:EF-Hand 1, calcium-binding site	4	1.2121212121212122	0.3640955266940955	147968, 6709, 2312, 388697	224	178	18559	1.861857945425361	1.0	1.0	1.0
INTERPRO	IPR011992:EF-hand-like domain	5	1.5151515151515151	0.4327344800479318	147968, 6709, 2312, 11076, 388697	224	279	18559	1.4848150281618024	1.0	1.0	1.0
INTERPRO	IPR002048:EF-hand domain	4	1.2121212121212122	0.5127212475447551	147968, 6709, 2312, 388697	224	228	18559	1.4535557644110275	1.0	1.0	1.0
UP_SEQ_FEATURE	domain:EF-hand 1	3	0.9090909090909091	0.6584040862281243	6709, 2312, 388697	244	185	20063	1.333385024368631	1.0	1.0	1.0
UP_SEQ_FEATURE	domain:EF-hand 2	3	0.9090909090909091	0.6584040862281243	6709, 2312, 388697	244	185	20063	1.333385024368631	1.0	1.0	1.0
GOTERM_MF_DIRECT	GO:0005509~calcium ion binding	8	2.4242424242424243	0.8162703538270047	147968, 6709, 4054, 2312, 388697, 27039, 63826, 83849	217	717	16881	0.8679790987794767	1.0	1.0	1.0
UP_KEYWORDS	Calcium	7	2.1212121212121215	0.9471385774791548	147968, 6709, 2312, 953, 388697, 116444, 3675	242	877	20581	0.6788120659272313	1.0	1.0	0.9893238434163701

Annotation Cluster 26	Enrichment Score: 0.18800278128461329
Category	Term	Count	%	PValue	Genes	List Total	Pop Hits	Pop Total	Fold Enrichment	Bonferroni	Benjamini	FDR
UP_SEQ_FEATURE	domain:PH	4	1.2121212121212122	0.571084981280932	116986, 23101, 11047, 84904	244	245	20063	1.3424556707929074	1.0	1.0	1.0
INTERPRO	IPR011993:Pleckstrin homology-like domain	6	1.8181818181818181	0.5855422351073686	6464, 60312, 116986, 23101, 1130, 84904	224	427	18559	1.1642062562730011	1.0	1.0	1.0
INTERPRO	IPR001849:Pleckstrin homology domain	4	1.2121212121212122	0.6351460033316785	60312, 116986, 23101, 84904	224	271	18559	1.2229177648919345	1.0	1.0	1.0
SMART	SM00233:PH	4	1.2121212121212122	0.6418593896266198	60312, 116986, 23101, 84904	126	264	10057	1.2093554593554592	1.0	1.0	1.0
GOTERM_BP_DIRECT	GO:0043547~positive regulation of GTPase activity	6	1.8181818181818181	0.8421969416867071	23526, 6709, 6464, 116986, 23101, 84904	212	565	16792	0.8411420938387043	1.0	1.0	1.0

Annotation Cluster 27	Enrichment Score: 0.1850828155822888
Category	Term	Count	%	PValue	Genes	List Total	Pop Hits	Pop Total	Fold Enrichment	Bonferroni	Benjamini	FDR
GOTERM_CC_DIRECT	GO:0030054~cell junction	8	2.4242424242424243	0.31463750456794704	199990, 10409, 1133, 116444, 11011, 6853, 54623, 5590	220	459	18224	1.4437710437710438	1.0	1.0	0.9964028776978417
UP_KEYWORDS	Synapse	3	0.9090909090909091	0.9237232345880577	1133, 116444, 6853	242	357	20581	0.7146676852559205	1.0	1.0	0.9893238434163701
UP_KEYWORDS	Cell junction	5	1.5151515151515151	0.9580743134663569	1133, 116444, 6853, 3675, 5590	242	675	20581	0.62996632996633	1.0	1.0	0.9893238434163701

Annotation Cluster 28	Enrichment Score: 0.10160579653846395
Category	Term	Count	%	PValue	Genes	List Total	Pop Hits	Pop Total	Fold Enrichment	Bonferroni	Benjamini	FDR
UP_SEQ_FEATURE	nucleotide phosphate-binding region:GTP	4	1.2121212121212122	0.7277123298020487	5870, 2774, 116986, 84617	244	310	20063	1.0609730301427815	1.0	1.0	1.0
UP_KEYWORDS	GTP-binding	4	1.2121212121212122	0.7684758982451326	5870, 2774, 116986, 84617	242	343	20581	0.9917837264776039	1.0	1.0	0.9893238434163701
GOTERM_MF_DIRECT	GO:0003924~GTPase activity	3	0.9090909090909091	0.803968473900297	5870, 2774, 84617	217	234	16881	0.9973413683091104	1.0	1.0	1.0
GOTERM_MF_DIRECT	GO:0005525~GTP binding	4	1.2121212121212122	0.8724645911602217	5870, 2774, 116986, 84617	217	384	16881	0.810339861751152	1.0	1.0	1.0

Annotation Cluster 29	Enrichment Score: 0.09805771392180773
Category	Term	Count	%	PValue	Genes	List Total	Pop Hits	Pop Total	Fold Enrichment	Bonferroni	Benjamini	FDR
GOTERM_BP_DIRECT	GO:0006366~transcription from RNA polymerase II promoter	7	2.1212121212121215	0.6277205712993249	2551, 254251, 83860, 6878, 1052, 10488, 8928	212	513	16792	1.080804737209901	1.0	1.0	1.0
UP_KEYWORDS	Activator	7	2.1212121212121215	0.7898997242897388	9584, 9970, 53635, 254251, 1052, 10488, 8928	242	661	20581	0.9006326502544354	1.0	1.0	0.9893238434163701
GOTERM_MF_DIRECT	GO:0001077~transcriptional activator activity, RNA polymerase II core promoter proximal region sequence-specific binding	3	0.9090909090909091	0.8077732504288191	2551, 1052, 10488	217	236	16881	0.9888893228149652	1.0	1.0	1.0
GOTERM_MF_DIRECT	GO:0000978~RNA polymerase II core promoter proximal region sequence-specific DNA binding	4	1.2121212121212122	0.8358716112376614	5928, 2551, 1052, 10488	217	355	16881	0.8765366391899785	1.0	1.0	1.0
GOTERM_MF_DIRECT	GO:0003700~transcription factor activity, sequence-specific DNA binding	8	2.4242424242424243	0.9659264621284326	9970, 8896, 2551, 6878, 1052, 10488, 8928, 203523	217	961	16881	0.6475973088708479	1.0	1.0	1.0

Annotation Cluster 30	Enrichment Score: 0.09780709588173861
Category	Term	Count	%	PValue	Genes	List Total	Pop Hits	Pop Total	Fold Enrichment	Bonferroni	Benjamini	FDR
UP_KEYWORDS	Transcription	26	7.878787878787878	0.761426633190932	9584, 92822, 254251, 2551, 23081, 26155, 84864, 51106, 340385, 8928, 10336, 9970, 221037, 1052, 203523, 79366, 5928, 140685, 171568, 53635, 11177, 51535, 83860, 6878, 54623, 10488	242	2398	20581	0.9220941693835772	1.0	1.0	0.9893238434163701
UP_KEYWORDS	Transcription regulation	25	7.575757575757576	0.7788149931578354	9584, 92822, 254251, 2551, 23081, 26155, 84864, 51106, 340385, 8928, 10336, 9970, 221037, 1052, 203523, 79366, 5928, 140685, 53635, 11177, 51535, 83860, 6878, 54623, 10488	242	2332	20581	0.9117222828629347	1.0	1.0	0.9893238434163701
GOTERM_BP_DIRECT	GO:0006355~regulation of transcription, DNA-templated	17	5.151515151515151	0.7923068025216566	7112, 9584, 92822, 221037, 203523, 79366, 5928, 140685, 24144, 53635, 11177, 51106, 51535, 340385, 55206, 9736, 10336	212	1504	16792	0.8952980730630269	1.0	1.0	1.0
GOTERM_BP_DIRECT	GO:0006351~transcription, DNA-templated	21	6.363636363636363	0.8646012611097167	11083, 9584, 9970, 92822, 221037, 1052, 203523, 79366, 23081, 5928, 26155, 140685, 84864, 171568, 53635, 11177, 51106, 51535, 340385, 10488, 10336	212	1955	16792	0.8508227573227816	1.0	1.0	1.0

Annotation Cluster 31	Enrichment Score: 0.06837289405552835
Category	Term	Count	%	PValue	Genes	List Total	Pop Hits	Pop Total	Fold Enrichment	Bonferroni	Benjamini	FDR
UP_SEQ_FEATURE	repeat:LRR 5	3	0.9090909090909091	0.772183662559082	55379, 196385, 143570	244	231	20063	1.067862465403449	1.0	1.0	1.0
UP_SEQ_FEATURE	repeat:LRR 4	3	0.9090909090909091	0.8173434569872444	55379, 196385, 143570	244	255	20063	0.967357762777242	1.0	1.0	1.0
UP_SEQ_FEATURE	repeat:LRR 3	3	0.9090909090909091	0.8832801362782677	55379, 196385, 143570	244	302	20063	0.8168087069807838	1.0	1.0	1.0
UP_SEQ_FEATURE	repeat:LRR 1	3	0.9090909090909091	0.9030826989176917	55379, 196385, 143570	244	321	20063	0.7684617741688371	1.0	1.0	1.0
UP_SEQ_FEATURE	repeat:LRR 2	3	0.9090909090909091	0.9040331261230509	55379, 196385, 143570	244	322	20063	0.7660752469198656	1.0	1.0	1.0

Annotation Cluster 32	Enrichment Score: 0.03203101386417016
Category	Term	Count	%	PValue	Genes	List Total	Pop Hits	Pop Total	Fold Enrichment	Bonferroni	Benjamini	FDR
UP_SEQ_FEATURE	transmembrane region	56	16.969696969696972	0.841786619385048	10090, 6550, 58191, 8694, 7444, 91653, 55281, 56172, 54991, 79412, 353174, 3038, 1497, 150159, 953, 1133, 11066, 3675, 374395, 23080, 8303, 10939, 65018, 25798, 51296, 124976, 2677, 144404, 55379, 116444, 6238, 11079, 10861, 126792, 83849, 10998, 57404, 971, 81034, 124565, 1353, 55627, 6524, 8322, 8564, 7112, 11010, 27039, 55630, 57338, 56246, 109, 138311, 10004, 10488, 11018	244	5056	20063	0.9107244760323718	1.0	1.0	1.0
UP_KEYWORDS	Transmembrane	60	18.181818181818183	0.86796534768949	10090, 6550, 58191, 8694, 7444, 91653, 55281, 56172, 54991, 79412, 353174, 3038, 1497, 150159, 953, 1133, 3675, 374395, 8888, 10452, 10336, 23080, 8303, 10939, 65018, 25798, 51296, 124976, 2677, 144404, 55379, 116444, 6238, 11079, 10861, 126792, 83849, 10998, 57404, 971, 81034, 124565, 1353, 55627, 6524, 8322, 8564, 7112, 11010, 27039, 55630, 57338, 56246, 1760, 196385, 109, 138311, 10004, 10488, 11018	242	5651	20581	0.902977751323177	1.0	1.0	0.9893238434163701
GOTERM_CC_DIRECT	GO:0005886~plasma membrane	44	13.333333333333334	0.8741708724247339	58191, 6550, 91653, 10273, 6477, 83849, 63826, 56172, 116372, 79412, 971, 353174, 3038, 1497, 1453, 150159, 1133, 755, 953, 6524, 3675, 11047, 92714, 8322, 10082, 6464, 11010, 5894, 5499, 84904, 5590, 55630, 57338, 26000, 2774, 116444, 1760, 10409, 56246, 53635, 109, 11079, 10861, 11018	220	4121	18224	0.8844455229313274	1.0	1.0	0.9964028776978417
UP_KEYWORDS	Transmembrane helix	59	17.87878787878788	0.8920488742453798	10090, 6550, 58191, 8694, 7444, 91653, 55281, 56172, 54991, 79412, 353174, 3038, 1497, 150159, 953, 1133, 3675, 374395, 8888, 10336, 23080, 8303, 10939, 65018, 25798, 51296, 124976, 2677, 144404, 55379, 116444, 6238, 11079, 10861, 126792, 83849, 10998, 57404, 971, 81034, 124565, 1353, 55627, 6524, 8322, 8564, 7112, 11010, 27039, 55630, 57338, 56246, 1760, 196385, 109, 138311, 10004, 10488, 11018	242	5634	20581	0.8906073514699713	1.0	1.0	0.9893238434163701
UP_KEYWORDS	Membrane	80	24.242424242424242	0.894301719238193	9784, 9146, 10090, 6550, 58191, 8694, 7444, 91653, 55281, 9382, 56172, 116372, 10018, 54991, 79412, 353174, 3038, 1453, 1497, 1376, 79856, 150159, 953, 1133, 239, 10131, 3675, 374395, 8888, 10452, 10336, 23080, 7298, 5870, 8303, 10939, 65018, 3099, 25798, 84904, 51296, 124976, 2677, 144404, 55379, 116444, 53635, 6238, 11079, 10861, 126792, 83849, 10998, 57404, 57448, 971, 81034, 124565, 1353, 55627, 6524, 2803, 8322, 8564, 7112, 10082, 11010, 5894, 27039, 55630, 57338, 10409, 56246, 1760, 196385, 109, 138311, 10004, 10488, 11018	242	7494	20581	0.9078778174054395	1.0	1.0	0.9893238434163701
GOTERM_CC_DIRECT	GO:0016021~integral component of membrane	54	16.363636363636363	0.9268537790215784	10090, 6550, 58191, 8694, 7444, 55281, 56172, 54991, 79412, 353174, 3038, 1497, 150159, 953, 374395, 8888, 10452, 10336, 23080, 8303, 10939, 25798, 51296, 124976, 2677, 144404, 55379, 116444, 11079, 10861, 126792, 83849, 10998, 57404, 971, 81034, 124565, 1353, 55627, 6524, 8322, 8564, 7112, 11010, 27039, 55630, 57338, 56246, 196385, 109, 138311, 10004, 10488, 11018	220	5163	18224	0.8663884633669643	1.0	1.0	0.9964028776978417
UP_SEQ_FEATURE	topological domain:Cytoplasmic	34	10.303030303030303	0.9486856010106972	10090, 58191, 6550, 91653, 55281, 126792, 83849, 56172, 10998, 79412, 971, 353174, 3038, 1497, 1133, 953, 6524, 3675, 11066, 8322, 8303, 65018, 27039, 55630, 57338, 2677, 55379, 116444, 56246, 6238, 109, 10004, 10488, 11018	244	3456	20063	0.8089305365816636	1.0	1.0	1.0
UP_SEQ_FEATURE	topological domain:Extracellular	22	6.666666666666667	0.9955211452446667	8322, 58191, 6550, 91653, 55281, 27039, 83849, 56172, 55630, 79412, 971, 353174, 3038, 1133, 56246, 953, 116444, 6524, 11066, 3675, 10004, 11018	244	2787	20063	0.6490703323980778	1.0	1.0	1.0
UP_KEYWORDS	Cell membrane	24	7.2727272727272725	0.9973055435959624	8322, 10082, 58191, 6550, 91653, 5894, 84904, 83849, 55630, 116372, 57338, 353174, 1453, 1497, 1760, 10409, 1133, 56246, 116444, 53635, 3675, 109, 10004, 11018	242	3175	20581	0.6428632784538296	1.0	1.0	0.9973055435959624
UP_KEYWORDS	Glycoprotein	36	10.909090909090908	0.9989171931729782	10090, 58191, 6550, 4054, 91653, 55281, 126792, 54991, 116372, 4926, 79412, 971, 353174, 3038, 1497, 1133, 953, 6524, 3675, 2803, 8322, 10082, 11076, 11098, 27039, 55630, 51296, 3425, 2677, 116444, 196385, 6853, 109, 10004, 10488, 10861	242	4551	20581	0.6727392581051118	1.0	1.0	0.9989171931729782
UP_SEQ_FEATURE	glycosylation site:N-linked (GlcNAc...)	31	9.393939393939393	0.9998702609131502	10090, 58191, 6550, 4054, 91653, 55281, 126792, 54991, 116372, 79412, 971, 353174, 3038, 1497, 1133, 953, 6524, 3675, 8322, 11098, 27039, 55630, 51296, 3425, 2677, 116444, 196385, 109, 10004, 10488, 10861	244	4234	20063	0.6020282722999605	1.0	1.0	1.0

Annotation Cluster 33	Enrichment Score: 0.004413864966521776
Category	Term	Count	%	PValue	Genes	List Total	Pop Hits	Pop Total	Fold Enrichment	Bonferroni	Benjamini	FDR
UP_SEQ_FEATURE	zinc finger region:C2H2-type 1	4	1.2121212121212122	0.9657040734186556	92822, 140685, 340385, 203523	244	554	20063	0.5936852695744808	1.0	1.0	1.0
UP_SEQ_FEATURE	zinc finger region:C2H2-type 2	4	1.2121212121212122	0.9807762095966135	92822, 140685, 340385, 203523	244	615	20063	0.5347994135679063	1.0	1.0	1.0
UP_SEQ_FEATURE	zinc finger region:C2H2-type 5	3	0.9090909090909091	0.9911280165271119	92822, 340385, 203523	244	550	20063	0.44850223546944856	1.0	1.0	1.0
INTERPRO	IPR013087:Zinc finger C2H2-type/integrase DNA-binding domain	4	1.2121212121212122	0.9922369800694203	92822, 140685, 340385, 203523	224	712	18559	0.46546448635634025	1.0	1.0	1.0
UP_SEQ_FEATURE	zinc finger region:C2H2-type 4	3	0.9090909090909091	0.9941489571813604	92822, 340385, 203523	244	588	20063	0.4195173971227835	1.0	1.0	1.0
INTERPRO	IPR015880:Zinc finger, C2H2-like	4	1.2121212121212122	0.9953056565596229	92822, 140685, 340385, 203523	224	762	18559	0.4349221972253468	1.0	1.0	1.0
UP_SEQ_FEATURE	zinc finger region:C2H2-type 3	3	0.9090909090909091	0.996561974110128	92822, 340385, 203523	244	636	20063	0.38785570677389425	1.0	1.0	1.0
INTERPRO	IPR007087:Zinc finger, C2H2	4	1.2121212121212122	0.9967826602384299	92822, 140685, 340385, 203523	224	799	18559	0.41478187019488644	1.0	1.0	1.0
SMART	SM00355:ZnF_C2H2	4	1.2121212121212122	0.9967892551669886	92822, 140685, 340385, 203523	126	762	10057	0.418989293005041	1.0	1.0	1.0

Annotation Cluster 34	Enrichment Score: 1.4220886924590512E-5
Category	Term	Count	%	PValue	Genes	List Total	Pop Hits	Pop Total	Fold Enrichment	Bonferroni	Benjamini	FDR
UP_SEQ_FEATURE	glycosylation site:N-linked (GlcNAc...)	31	9.393939393939393	0.9998702609131502	10090, 58191, 6550, 4054, 91653, 55281, 126792, 54991, 116372, 79412, 971, 353174, 3038, 1497, 1133, 953, 6524, 3675, 8322, 11098, 27039, 55630, 51296, 3425, 2677, 116444, 196385, 109, 10004, 10488, 10861	244	4234	20063	0.6020282722999605	1.0	1.0	1.0
UP_KEYWORDS	Disulfide bond	17	5.151515151515151	0.9999990949828985	8322, 58191, 4054, 91653, 5894, 11098, 84817, 79412, 3425, 971, 2677, 353174, 27102, 1133, 953, 3675, 138311	242	3434	20581	0.42101710171017104	1.0	1.0	0.9999990949828985
UP_SEQ_FEATURE	signal peptide	16	4.848484848484849	0.9999997747311119	8322, 10082, 58191, 4054, 11010, 91653, 11098, 55630, 54991, 116372, 79412, 3425, 353174, 116444, 3675, 11018	244	3346	20063	0.3931878533703076	1.0	1.0	1.0
UP_SEQ_FEATURE	disulfide bond	12	3.6363636363636362	0.9999998985811558	8322, 79412, 2677, 4054, 971, 58191, 353174, 91653, 11098, 1133, 3675, 84817	244	2917	20063	0.3382601707345858	1.0	1.0	1.0

