1162968
100
1000
100009676
10009
10010
100101267
100101467
10011
100113407
100125288112812
100125556
1001263219711
1.00126329100126e+22
1001263327469
1001267939797
100128191
100128881
100128927
100129034
100129361
100129387
100129482
100129917
100129931
10013
100130093116841
1001306914780
100130744
100130776
10013095822879
10013118750848
100131211
1001314343423
100131998
100132288
1.00132406100288e+23
1.00132406100288e+29
100132707
100132832441263
100133144100134880
100133205
100133941
100144602
1001657491
10017022979177
10018889329964
10019
10020
10023
10024
10025
1002721474515
100287015
100287042
100287765
10028863789839
100288911
100289137253650
100289178
1.00289561100631e+22
100289635
100289678155060
1.0029351628431e+24
100302132375061
10030213384795
10030213810528
1.00302197100501e+22
10030221057455
10030221311140
10030222455088
10030227411113
100302736353376
10030345327185
10030375557325
100306951
100313884
1003138924898
100313938
10036
1003812709877
1004
10042
1.00422995100507e+21
10043
10049
10049917722872
100499466
100499467
1.00499483100499e+22
1005008083925
1005008277706
1005008427184
1005008479368
1005008531912
10050538529970
100505641
100505696
100505854
100505881
10050607079863
100506144653160
100506178
100506190
100506211
100506233
100506305
100506314
100506385
100506451
100506469
100506472104549136
100506499283551
100506548
100506639
100506668
100506686
100506710
100506713
100506714
100506895
100507032
1005072171106
100507218
100507246677850
100507290
100507297
100507321
100507421
100507567
100507577
100507582
100508120
10052
10052669326140
10052669491283
10052673710432
1005267375936
1005267391325378816
10052674026024
10052676025864
1005267677844
100526772375346
10052678310239
10052679457665
10052682535884182
100526832151230
1.00526836100527e+22
10052794355969
10052794360436
1005279502629264000
1005279607268
10052797825950
1005280161500
10052802110588
100528021400410
1005280308693
1005280312280
10052806264860
1.00528064105481e+29
1005280644738
10052906710169
1005290973188
100529207117584
1005292075892
100529251113540
10052925151192
1005292612342
100529261234291600
100529264112398
10053272484129
10053272665987
100532731648
1005327364681
10053310611244
100533183144348
1005334672073
10053346754841
1005334836932139264
100533496284040
100533952441191
10053395257786
10053395526168
1005339705026
1005345893206
10053459255665
100534599339122
10055
10057
1005879065
10059
10061
100616112195164992
10061611327250
1006161395932
1006161679780
10061632984747
10061635810608
100616361151195
1006164536786
10061648322809
10061648784901
100616668283507
10062
10063092379706
1006313838987
100652758
100652772
10067
10068
10072582
10073
10075
10078
10082
10082082914578178048
10084702623078
100847073222229
10084709084134
100859930
10086267110847
1008737757175
100874058
100874323
100885776
1008858644899
10092
1009510552
10097
10098
10099
100996939
10102
10105
10106
10109
1011026013
10112
10116
10121
10123
10124
1012435442074
10127283876
1013789049054
10140
10141053855741
10142
10144
10147
10150
10152
10153
1016
10168
1017
10171
10174
10179
1018010181
10184
10186
10188
10193
10194
10197
10198
10199
102
10201
10206283518
10208
1021
10210
10212
10217
10220
10221
10226
10228
10236
10244
10248
1025
10253
10254
10260
10262
10263
10269
1027
10270
10272
10273
10276
10277
10280
10284
10286163259
10290
10293
10296
103
10309
1031
10311
10313
10318
1032
10322
10324129880
103309924
10336
10347
10352
10363
10365
10367
10370
10376
103814157
10383
10384
10385
1039
103910
10392
10395
104
10401
10404
10409
10413
10421
10422
10424
10425
10427
10435
10436716
104375296
10440
10443
10444
10447
10455
10458
10460
10461
10472
10473
10474
10475
10478
10479
10481
10482
10486
10487
10489
10491
10492
10495
10498
10499
1050
10501
10507
10509
1051
10512
10513
10514
1052
105207693
10521
10522
10523125972799399936
10524
10526
10527
10531
10533
1053627239
1054
10541
10542
10544
10550
10555
10557
10558
10569
10574
10576
10579
1058
1059
10598
1060
10600
10602
10609
10612
10613
10614
10615124923
10616
10618
1062
10625
10626374286
10627
10629
1063
10634
10636
10643
10644
10645
10652
10658
10664
10667
10668
10670
10672
10678
10681
10691
10695
10714
10721
10724
10725
10726
10730
10732
10733
10743
10746
1075
10755
10758
10762
10765
10766
10769
10771
10773
10775
10778
10780
10781
10782
10783
10785
10794
107957556
10801
10802
10807
10809116985
10810
10818
10825
10838
10846
10849
10861
10865
10868
10869
10874
10892
10898
10899
109
10902
10904
10905
10910
10914
10920
10921
10923
10926
10927
10928
10938
10939
10940
10947
10948
10949
10953
10956
10961
10962
10963
10970
10972
10973
10975
10978
10979
10981
10985
10987
10988
10989
10999
11007
11011
11014221955
11015
11016
11017
11018
11021
11030
1103390639
11041
11043
11044
11046
1105
11052
11054
11057
11060
11062
11066
11067
11068
11070
11072
1107879159
11079
1108
11080
11083
11091
11094
11096
11097
11098
11099
11100
11102
11108
1111
11118
11119
11120
11130
11135
11137
11138
11143
11147
1115211230
11153
11160
11168
11176
11177
11180
11182
11188
1119
11190
11194
11196
11198
112
11201
1121
11214
11215
11216
11217114299445816
11218
1122
11221
11222
11226
11228
11232
11236
11237
11245
112464
112479123879
11248725938
11252
11253
112574
11259
112611
1126293349
1126955308
11272451206
11276
1127784126
11278
11279
11282
112840
11285
11285864849
112936
112939
11297051060
113
1130
113000
113026
11309
113130
113146
11315
113178113179
113189
11319
1132184450
113235
1132461822
11325
113251
113263
11328
11329
11334
11336
11338
11342
113444
113452
11346
113510
113612
113763
113791
113802
113829
113878
114034
114044
114049
114088
114112645840
114294
114609
114625
114781
114787
114789
114793
114794
114800
114803
114804
114818
114823
114825
114826
114876
114884
114885
114904
114908
114932
1149714722
114990
114991
115
115004
115024
115098
115196
115201
115207
115273
11529054938
115294
115330
1154
115509
115701
115704
115708
115752
115939
11595051295
115992
116028
116039
116064
116068
1161
116115
116143
116224
116225
116236
116238
116412
116441
116461
116496
11654084865
116541
116840
116984
116986
116987
116988
117246
118
1182
118424
118426
118429
118460
118471118472
118487
1186
118738
118813
118881
118987
1198
1200
1203
1209
121227
121260
121274
121456
121457
121512
121536
121642
121665
122416
122616
122769
122786
122809
122830
122953
123096
123169
123228
123606
123720
123920
124044
124045
124222
124245
124401
124402
124446
124454
124491
124540
124565
124583
124637
1246411801
124739
124751
124790
124808
124935
124976
1249893690
124995
124997
125058
125061
125170
125228
125476
125488
125950
126014
126074
126133
126208
126272
126282
126295
126298
126308
126321
126382
126433
126526
126626
1267
126731
126792
126917
127002
127262
127428
127544
127687
1277
127703
127707
127845
128
128239
128308
128637
128866
128869
1289
1289777290
1290
1291
1292
129293
129450
1295
129563
129685
129790
129804
129831
130074
130271
1303
130497
130535
130557
130872
130916
131408
131474
13155682
131544
131566
1316
131616693149
131870
132158
132299
132430
132660
132949
133
133015
133396
133522
133619
133686
1337
133746
133957
134218
134266
134285
134492
134553
134957
13523384
135112
1352
135293
1353
135932
136
136051
1362
136853
1376
137964
138050
138151
1385
138639
1387
138716
138948
1390
139170
139285
139324
139341
139596
1398
139886
1399
140459
140460
140461
140465
140467
140576
140685
140688
140707
140710
140735
140738
140775
14080985508
140823
140831
140838
140885
140890
140901
142
142755171
142891
143187
1432
143384
1435
143570
1436892526
143888
143903
144100
144108
144132
144165
144233
144404
1445
144501
144577
144699
144717
145173
1453
1454400927
145407379025
14548257862
1455
1456
1457
145748
145773
14578354816
145853
146050
146057
1462
1465
146540
146542
146691
146705
146712
14686182
146857
146880440456
146923
146956
14700723098
147011
147015
147040
1471
147166
147179
147339
147372
147381
147463
147657
147687
1476947565
1477
147727
147808
147912
147929
147991
148022
148137
148189
148223
148254
148304
148413
148479
1487
148789
1488
1489328569
1490
149076
149175
149371
149420
1497
1499
149951
150094
1502098216
150223
150275
150290
150383
150465
150468
150678
150684
150726
150737
150776
150864
150946
151011
151050
1514
151507
151525
151636
151887
151903
151963
151987
152002
152195
1522
152217
1523
152485
152503
152579
152641
152815
152926
152992
153222
153241
153364
153443
153478
1535
153527
153562
153684
153830
154
1540
15404326034
154214
1545
154796
154807
154810
15488127342
155054
155061
155066
155185
155435
157285
157313
15757455893
157638
157657
157680
157695
157697
157753
157773
157807
157922
158228
158293
158358
158405
158427
158586
158931
159195
16
160
1601
160335
160418
1605
160518
160760
1608
1609
161
1611
1612
1613693222
161357
161742
161779
161882
162
1620
162073
162239
162394
162427
162461
162681
1627
162989
163
163033
163049
163050163051
163071
163126
163131
163486
1635
163590
163859
163882
164
164091
164312
1647
1649
165215
1653
165324
1654
1655
1656
1657
1659
165918
1662
166336
166378
1665
166614
166647
166785
166793
166815
166929
166968
167227
1676
1678
168451
168455
168850
1690
169714
169792
169841
169981
170384
170394
170463
170487
170506
170689
17096079963
171017
171023
171220
171391
171423
171546
171568
1717
1718
172
1723
1729
1736
1741
1745
1748
1762
1773
1777
1778
1783
178581890
1788
1796
1802
1810
182
1827
183
1832
1836
1839
1841
1843
1845
1846
1847
1849
1855
1857
1859
1861
1869
1870
1871
1874
1877
1889
18909997
19
1901
1902
1921115827
192286
192670
1936
1938
19441945
1948
1952
1953
1954
1955
1956
1958
195828
196074
1962
196383
1964
196441
196483
196513
196528
1967
196743
197320
197322
197335
197342
197407
1977
1981
1983
199221
199692
1997
1998
1999
199953
199990
2000
200014
2000585768
200081
2002
200205
200312
20031660489
2004
200424
200585414
200576
200734
200894
200895
200933
2011
201163201164
201232
201254
201255
201266
201292
201514
201626
201627
2017
201725
201931
202018
2021
202181
2022
2023
202781
2029
202915
2030
203062
203069
203111
203197
203245
203260
203286
2033
203427
203447
2035
203523
2036
2037
204
2043
2044
2048
204851
205327
205428
2055
205564
205757139
205717
2063
2064
207
2070
2071
2072
2077
208
2081
2107
2108
2113
2114
2117
212079370
2121
2122
2130
2131
213284680
2135
2137
214
2140
2149
215
216
2175
2178
2182
2185
2186
2188
219
2193
219402
2195
219541
2196
219743
219771
219790
219844
219899
219902
219931
2201
2202
220213
220388
220729
220906
220929
220930
220972
220988
221
221037
221061
221143
2214424800
221443222643
221477
221496
221687
221710
221749
221756
221785
221830
221908
221927
221937
222161
222194
2222
222236
222255
222389
222484
222658
222962
223082
2232
2237
224
2247
2250
2257
2271
2275
22794
22796
22807
22808
22822
22823
22826
22827
2282826230
22832
22834
22837
22839
22841
22845
22846
22847
22848
22850
22852
22853
22854
22856
22859
22862
22863
22864246329
22865
22868
2287
22871
22873
22874
22877
2288
22880
22882
22883
22885
22887
2288860493
22889
22890
22893
22897
22898
2290
22900
22901
22903
22905
22906
22907
22911
22916
22919
22921
22926
22928
22929
22930
22936
22937
22938
22941
22943
22954
2296
22974
22976
22981
22982
22984
22985
22990
22992
22993
22995
23001
23005
23008
23011
23012
23013
23014
2302
23023
23028
2302951742
23030
23031
23034
23035
23036
23037
2304
23042
23048
23049
2305
23051
23053
23054
23059
23060
23061
23062
23063
23064
23065
23067
23070
23072
23075
23076
23077
2308646982
23080
23082
23085
23089
2309
23091
23092
23094
23095
23096
23097
23099
2310729288
23102
23107
23111
23112
23116
23118
23119
23126
23127
23129
23130
23131
23132
23133
23135
23137
23139
23140
23141
23143
23144
23151
23152
23154
23155254268
23158
2316
23160
23161
23162
23163
23168
2317
23172
23174
23176
23177
23178
23179
2318
23181
23184
23185
23186
23187
23189
23190
23191
23192
23193
23195
23197
23198
23199
23203
23207
23210
23211
23212
23214
23215
23216
23219
23221
23223
23224
23225
232323521
23232
23235
23239
23240
23241
23243
23244
23245
23247
23248
23250
23251
23252
23253
23255
23258
23265
23266
23268
23269
23270
23271
23272
23274
23275
23276
23277
23279
23283
23288
23293
23294
23295
23299
23300
23301
23304
23306
23307246184
23308
23309
23312
23313
23314
23315
23318
23322
23324
23326
23328
23331
23332
23334
23336
23338
23339
23341
23345
23347
23351
23352
2335351608
23355
23357
23358
23361
23363
23365
23366
23367
23368
23370
23371
23373
23378
23379
23380653464
23381
23383
23385
23386
23387
23389
2339
23394
23395
23396
23398
23399
23401
23403
23404
23405
23410
23411
23413
23417
23423
23429
23431
23432
23433
23435
23438
23446
23450
23457
23462
23463
23466
23469
23475
23476
2348
23480
23481
23484
23491
23499
23503
23505
23506
23507
23508
23509
23510
23514
23515
23516
23518
23522
23523
23524
23528
23529
23532
23534
23536
2354
2354151537
23543
23548
23549
2355
23557
23560
23568
23580
23583
23585
23589
23592
23598
23600
23603
23608
23612
23613
23621
23625
23633
23636259307
236372844
23641
23645
23647
23648
23654
23659
23660
23670
23677
23683
237297442
23741
23743
23753
23759
23760
23761
23765
23767
23768
23774
23786
2395
24137
24138
24140
241428372
24144
24145
24147
24149
2444
245812
246243
246330
2475
2495
25
2530
253039
2531
253143
253260
253430
253461
2535
253512
253714
253769
253827
253943
253982
254042
254048
254065
254102
254170
2542
254225
254251
254394
254427
254428
254439
254531
254887
2548968794
2549
255043
255104
2553
255488
255967
256021694
256364
256471
256643
25706890102
257236
257364
257396
257397
25771
25778
25799
2580
25800
25805
2581380339
25816
25819
25820
25829
2583
25831
25832
25836
25837
25841
25844
25845
25851
25852
25855
25861
25865
25870
25871
25879
2588
25880
25885
25886
2589
25895
25896
25897
2590
25909
2591
25912
25917
25920
25921
259217
259230
25926
259266
259282
25929
25930
25932
25936
25940
25941
25942
25945
25948
25949
25953
259564714
25957
25959
25962
25966
25970
25973
25974
25976
25979
25980
25987
25988
25996
25998
26000
26003
26005
26009
26011
26015
26017
26019
26020
2.60255098560976e+106
26030
26035
26036
26037
26040
260425
26043
26046
26048
26049
26050
26056
26057
26058
26063
26064
26071
26073
26084
26086
26088
26090
26092
26094
26097
26098
26099
26100
26108
26115
26119
26121
26122
26123
26128
26130
26135
26137
26145
26146
2614884458
26151
26152
26156
26164
26175
26190
26205
2621
2622
26220
26224
26226
26229
26234
26235
2624
26240
26256
26260
26262
26263
26267401505
26271
26272
26277
26278
26284
26292630
263015900
2632
2637
2639
26469
26470
2648
26499
2650
26504
26505
26515
26517
26520
26521
26524
26534
26574
26586
26589
26608
266655
266727
2668
266812
267002
2671
26750
26762
2683
26953
26960
2697
26973
26984
26994
26995
27
27005
27012
27018
27030
27034
27037
27043
27072
27079
27086
27090
27094
27095
27097
27101
27102
27106
27107
27113
27115
27122
27125
27130
27147
27148
27153
27154
27158
27161
2720643853
27242
27245
27246
27247
27252
27257
27291
27297
27300
27301
27304
27309
27314
27316
27327
27332
27333
2734
27341
27343
27346
27348
27349
2736
2738286128
2739
2743
27433
27436
2744
27440
27584276
2767
2768
2773
2790548645552891
2799
28055599
28055599648740
2802
2803
2804
2805
2806
2817
28232
282679
282880207
282974
282991
283104
283131
283149
283219
283232
283254
283314
283337
283345
283377
283431
283450
283459
283487
283489
283578
283638
283643
283742
283820
283849653319
283871
283899
2839489091
283951
283989
283991
284001
284018
284069
284106
284114
284119
284129
284131
284207
284252
284273
284297
284346
284352
284358
284371
28439090592
284459
284565
2846
284613
284751
284900
285033
285051805
28512
2852
285220
285237
285267
285268
285367
285527
285550
285590
285704
285761
285855
285971
286075
286077
286148
286151
2863
286319
286336
286451
286527
28682757560
287484461
2885
2887
2889
28955
28956
289577163
28958
28966
28971
28974
28976
28982
28987
28988
28989
2899158500
28996
29
290
290155553
29035
2906
29062
29068
29071
29072
2908
29080
29085
2909
29092
29094
29095
29107
29115
29116
29123
29128
2923
2932
2935
2956
2957
2960
2962
2965
2970729438
2972
2975
2976
29761
29763
29777
29781
29796
29801
29803
2982
29843
29844
29855
2987
29882
29886
29890
29899
29901
29914
29923
29925
29927
29928
29937
29940
29943
29946
29948
2995
29950
29954
29957
29960
29966
29967
29968
29969
29978
29982
29985
29990
29995
29998
3005
3006
30061
30138351
3014
3017
3028
3035
3038
3052
3054
3064
3077
30820
30836
30837
3084
30844
30846
30849
30850
3091
3092
3093
3096
3097
3099
31
3104
313
3140
3141
3142
3146
3148
3150
3156
3157
3162
3163
3169
3170
317648
317762
317781
318
3181
3183
3185
3189
3192
3200
3201
3212
3213
3216
3217
323
3232
3233
3234
3235
3237
324
3257
3265
3269
3275
3276
3280
3281
329
3297
329955336
3300
3301
3306
3309
331
3312
332
3320
3321
3329
3337
3339
334
3340
3344
3371
3373
337876
3383
338692
338699
339044
33910579001
339123
339175
339201
339210
339229
339230
339231
339263
339287
339290
339324
339344
339366
339448
339500
3396
339745
339768
339803
339804
339929
339942
339983
340061
340371
340385
340578
340591
341640
3418
342184
342357
342371
342945
3431
3433
344595
344838
3454
34553588
345757
3460
347240
347454
34774666388926
347902
347918
3480
3482
3486
348793
348801
348926
3491
349114
35
3508
351
3516
353116
353274
35349779441
3551
3566
3570
3572
3575
3597
35982190416
359845
359948
36
360023
3607
3608
3609
3621
3622
3624
3628
3631
3636
3655
3658
3659
3667
367253918
3675
3678
368
3688
369
3693
37
3705
3706
3707
3709
3710
3712
372
3720
3725
3726
3727
3735
374393
374654
374655
374875
374907
374969
3750
375033
3750359095
375056
375248
375444
375484
375513
3756
375743
375790
3760
3764
376497
376940
377083743
3773
3776
378
378938
379
3797
38
382
3836
3837
3838
3839
3842
3843
3845
3856
38660780829
386724
387032
387119
387263
387338
387509
3875227335
387597
387640
387647
387787
387914
387921
388
388115
388152642423
388272
388282
388389
388552
388567
388569
388591
388695
388789
388886
388969
389
389072
389203
389289
389332
3895
389677
389792
389856
3899
389906
390
390637
391
3912
3915
392
392255
39316560
394
3949
395354741
3954
3959
396
3975
3976
3977
3980
3981
3983
3985
3987
3988
3992
399664
399665
3996879220
399815
3998189679
399909
399979
4000
400027
400242
400322
400506
400569
400657
400673
4007
400765406928
4012
401427728377
402055
402483
4026
402682
403313
403341
4034
4037
4038
4040
404093
4041
404281
4043
404550
404672
40473454882
4053
4054
4055
40569794
40700484981
4077
408
4082
4086
4087
4088
408955520
4090
4091
4092
4093
410
4116
412
4121
4122
4126
4130
4131
4134
414
4140
4141
41414964421
414189
4144
4147
4148
4149
414919441381
4150
415116
4152
4154
4155
4162
4170
4171
4172
4174
4189
4191
4193
4194
4201
4204
4205
4207729991
421
4212
4213
4214
4215
4216
4218
4221
4233
4234
4236
4238
4241
4245
4247
4249
4254
4281
4285
4286
4288
4289
4293
4294
4296
4297
4298
4299
4300
4301
4302
4303
4323
4325
4326
4335
4337
4343
4350
4357
4363
439
439921
439931
439990
440028
4400345954
4401389724
440193
440248
440275
44030751335
440465
440498
440567
440712
440957
441194
441204
441208
441478
441518
444
445328
4478
44894502
4495
4501
4520
4524
4548
4552
4580
4609
4615
4616
4627
4628
463
4638
4643
4644
4649
4650
4651
466
4664
4665
4668
4669
4670
4676
4678
4682
4690
4691
4694
4695
4701
471
4710
4716
4725
4726
473
4731
4735
4739
474343
475
4751
4756
4775
4779
4781
4782
4783
4784
4790
4794
4798
4799
4802
4809
481
4810
4811
4814
4820
4824
4833
4836
4837
4839
4848
4850
4851
4853
4860
4864
488
4883
4886
4891
490
4904
49099402794115
4913
4919
4924
4926
4927
4928
493
493812
493856
493861
493869
49411556267
4943
494656928
4947
4967
498
4983
49854
4987
4998
4999
50
5007
501
5013
5018
5031
503256342692312
5034
5036
5045
5049
5051
50512
50515
5058
50618
5062
50626
50628
50636
50650
507175824
50804
50807
50814
5082
50863
5087
5093
509454458
50940
5099
51000
51006
51008
51009
5101
51015
51022
51026
51027
51029
51035
51042
51043
51058
5106
51061
51063
51069
51070
51078
51081
51082
51088
51091
51093
51094
51102
51103
51104
51105
51106
51107
51108
51109
51111
51112
51114
51116
51117
51125
51128
51132
51133
51148
51149
51150
51154
51155
5116
51161
51163
51164
51172
51176
51177
51182
51184
51186
5119
51193
51196
51199
51204
51209
51218
51230
51232
51239
51244
51257
51259
51260
51264
512655515
51271
51272
51274
51275
51278
51279
5128
5128081689
51281
51282
51283
51287
51293
5130
51304
51307
51309
51312
51313
51315
51317
51318
51320
51322
51333
51334
51337
51339
5134
51341
51343
51347
51360
51367
51368
51373
51375
51388
51390
51409
5141
51421
51422
51428
51430
51434
51441
51447
51449
51455
51460
5147
51474
51479
51490
51491
51493
51496
51497
51499
5150
5151
51512
51514
51520
51522
51523
51526
51527
51530
51531
51534
51538
5154
51542
51545
51547
51550
51552
51559
515681608
51560
51564
51566
51567
51573
51574
51585
51588
5159
51592
51603
51605
51611
51619
5162
51634
5164384298
51649
51651
51659
51665
51667
51669
5167
51678
51684
51690
51691
51696
5170
51704
51719
51720
51734
5173596459
51747
51752
51755
51759
51762
51765
51768
51773
51776
51780
51804
51808
51809
5187
5190
5192
5193
5194
5195
5201
5202
5205
5209
5210
5214
522
5223
5226
5236
5238
5245
5253
5255
5256
5257
5261
5269
52757465
5277
5279
528
5286
5287
529
5290
5291
5292
5293
5295
5297
5298
53
5300
5303
5305
5307
5308
5310
5311
5316
5318
532557061
5326
5328
5329
533
5330
53343
53344
53349
5335
53354
5337
53373
5339
53407
5345
5351
5352
5361
53615
5362
53637
5364
5366
537
5371
5373
5378
538
53833
53838
539449768
53947
5395
53981
540
54014
54058
54059
54107
54108
5411
5412
541468
541471
541565
54165
54187
5420
54205
5426
5429
5433
5435
5439
54407
5441
54432
54434
54436
54442
54453
54454
54455
54460
54461
54462
54465
54467
54468
54469
54470
54471
54472
54477
54480768213
54494
54495
54498
54502
54503
54505
54507
54509
5451
54510
54512
54517
54520
54529
54531
54532
54534
5454
54540
54541
54545
54552
54553
54554
54583
5458479680
54587
546
54606
54619
54620
54621
54623
54625
54627
54629
5465
54662
54665
5467
54676
54680
5469
54700
54704
54707
54718
54726
54732
54737
54749
54758
5476
54764
54765
54776
54778
54784
54785
54788
5479
54790
54796
54797
54800
54801
54805
54806
54811
54812
54813
54814
54815
54819
54820619553
54821
54838
54840
54842
54843
54849
54850
54851
54853
5485655249
54858
54859
54861
54862
54863
548645552891
54865
54867
54868
54870
54872
54876
54877
54878
54880
54881
54883
54887
54888
54891
54893
54896
54904
54906
54910
54913
54914
54915
54919
54920
54921
5492384619
54925
54926
54928
54929
54931
54932
54934
54936
5494
54948
54949
5495
54951
54954
5496
54964
54972
54973
54977
54978
54980
5498483595
54985
54987
54991
54993
54994
54995
55000
55002
55003
55006
55007
55009
5501
55016
55017
55022
55023
55028
55030
55031
55032
55034
55035
55038
55039
55041
55048
55049
55051
55055
55056
55066
55069
5507
55070
55074
55075
55082
55083
55084
5509
55092
5510
55102
55103
55105
55106
55108
5511
55111
55112
55114
55119
55120
55125
55128
55129
55132
55133
55135
55137
55138
55139
55140
55143
55144
55146
55147
55149
55154
55156
55157
55159
55160
55164
55167
55168
55170
55172
55174
55175
55178
5518
55181
55183
55186
55187
55188
55193
55194
55196
55197
55198
55199
552080005
55201
55204
55205
55208
55209
55216
55219
55222
55223
55225
55226
55227
55229
5523
55230
55236
55238
55239
55240
55243
55245
55248
5525
55251
55252
55253
55254
55257
5526
55268
5527
55272
55274
55275
55276
55285
552889
55290
55294
55295
55298
55304
5531
553115
55315855615
55316
55317
5532
55320
55322
55323
55324
55326
55330
55332
55334
55339
55341
55343
55347
55355
55359
5536
55366
55367
55379
5538
55388
55421
55432
55449
55450
55454
5546
5547
55471
55501
55504
55505
55506
5552
55526
55527
55544
55552
55556
55558
55565
55568
55572
55573
55577
55585
55589
55591
55596
55602
55603
55605
55607
55608
55612
5562
55623
55624
55625
55626
55627
55628
55636
55638
55643
55646
55647
5565
55650
55652
55654
55657
55658
55659
55662
55663
55666
55667
55668
55670
55671
55676
55677
55681
55683
5568484960
55689
55691
55696
55697
55701
55702
55703
55704
55705
55707
55709
55714
55715
55717
55718
55719
55721
55727
55728
55729
5573
55731
55733
55734
55735
55738
55739
55740
55742
55744
55745
55748
55749
55750
55751
55752
55754
55755
55756
55758
5576
55760
55768
55775
55776
55777
55778
55783
55784
55785
55793
55794
55798
5580
55802
55803
55809
5581
55810
55814
55818
5583
55830
55831
55832
55835
55837
55841
55844
55846
55852
55857
5586
55862
55863
55870693140
55890
55892
55898
5590
55900
55901
55904
55905
55909
5591
55914
55917
55920
55922
55958
5597
55970
55971
55973
5598
5600
56005
5601
56034
5606
56061
56063
5609
5611
5612
5.61345613556137e+73
56160
56172
5621
56252
56254
56255
56256
56257
56262
56270
56288
56339
5635
5638
5641
56475
56478
56479
56548
5661665082
56623
5663
5664
56647
56652
56666
56672
56681
56731
56776
5681
56829
568379020
56848
56852
5686
56882
56886
56889
5689
56890
56894
56895
56897
56900
56902
56905
56907
56910
56913
56916
56919
56925
56926
56927
56929
5693
56931
56937
56941
56942
56943
56944
56946
56951
56957
56970
56978
56980
56981
56987
56995
56996
56997
56999
570
5700
57003
5701
57017
57018
5702
57035
5704
57050
57060
57062
5708
57082
57089
57091
57095
571
57104
57109
5711
57128
5713
57132
57140
57142
57147
57148
57153
57154
5716
57162
57169
5717
57175
57178
57179
57181
57182
57184
57185
57186
57188
57189
5719
57190
57194
57198
57205
57209
57210
57212
57213
57215
57223
57226
572327569
5727
57332
57335
5738
57403
57407
57410
5744
57448
574498718
5745
57451
57459
57460
57462
57463
57464
57466
5747
57470
57472
57473
57477
57478
57479
57484
57492
57493
57494
57496
57498
57505
57506
57507
57513
57514
57519
57520
57521
57522
57530
57532
57533
57541
57542
57546
57551
57552
57553
57555
57556
57558
57562
57563
57567
57568
57570
57574
57575
57584
5758590861
57587
57589
57591
57592
5759490673
57597
57599
57600
57602
57604
57605
57606
57608
57610
57617
57619
57620
57621
57622
57623
5763
57630
57634
57636
57645
57647
57648
57649
57654
57657
57659
57661
57662
57664
57666
57670
57673
57674
57679
57680
57683
57684
57685
57688
57692
57693
57696
57697
57698
577
5770
57700
57701
57703
57704
57706
57707
57708
57711
57719
57720
57721
57722
57724
57727
57732
57761
57763
57799
5780
57804
5781
5782
57826
5783
5784
5789
5792
5793
5795
5796
5797
580
5802
5813
5814
5817
5819
5820
5822
5826
5829
5832
5833
58472
58485
58486
58487
58489
58490
58491
58492
58493
58497
58499
58506
58508
58509
58517
5860
5861
5868
5874
5877
5880
5883
5884
5891
5893
5894
58986
590
5902
5903
5905
5908
5911
5912
5914
5917
5921
5927
59274
59277
5930
5931
59338
59339
59343
5939
595
596
5962
5970
5976
5978
598
5980
5981
5982
5990
5991
5997
5998
60
6001
6002
6016
6018
60312
60370
60386
60401
6047
60481
6049
60490
60491
60492
605
60526
60528
60626
606495
60673
60678
60681
60686
607
6091
6093
610
6102
6117
613
6137
6158
6159
6166
6183
6195
6198
6235
6236
6238
6239
6242
624884301
6249
6253
6256
627
6275
6277
6281
6284
630083933
6301
63027
63035
6304
6310
6314
6334
6341
636
637
6382
6383
6385
6386
63875
6388
63892
63893
63894
63897
6390
63901
63906
6391
63916
63917
63925
63935
63939
63941
63951
6396
63967
6397654434
63971
63977
63979
6400
6404
6405
64061
64083
64090
641
64110
64112
64115
64118
64132
64145
6414684342
6416
64170728489
64172
64175
6419
642
64207
64219
64222
64223
64224
64225
642361
64282
64283
64285
642852
6429
642938
642946
6430
6431
643155
6432
64320
64324
64327
6433
643314
6433291775
6434
64343
64359
643641
64374
64375
64376
643836
64395
64397
64398
64400
64403
644096
64410
64412
64417
64418
64420
64423
64428
64430
64432
64434
644538
6448
6449
644943
645166
6452
645212
645332
645367
645676
645683
64582
646
6461
6464
64645
64651
646719
646762
6468
64689
646962
6470
647033
64708
647087
64718
6474
64746
64755
647569813
64759
64760
64762
64763
64764
64766
6477
64770
64771
64772
64773
64777
64779
6478
647809841
64781
64782
64783
64784
64785
64787
64788
64792
64793
64794
64795
647979
64801
6483
64834
64843
64852
64854
64855
64856
64857
64858
64864
6487
648791
64881
64897
648987
649
64900
64916886
6492
64925
64927
64928
6494
649446
64949
6495
649686526
6497
64975
6497885302
64979
6498
64981
64983
65018
6502
6505
65056
65059
65078
65080
65083
6509
65094
65095
6510
65108
65109
65110
65117
65123
65124
65125
6513
651746
652
6520
65243
65244
65249
65250
6525184765
65258
65260
65263
65264
65267
65296883874
653
6535139659
6541
654342
6546
6548
6559
6566
657
6574
6575
659
6597
65979
65980
65981
65983
65985
65986
6598879724
65990
65993
65996
65998
65999
66005
66008
6601
6603
6605
6608
6609
6611
6612
6615
6617
6621
6625
6628
6633
6637
664
6640
6642
6645
6646
6650
6651
6652
6654
6655
6659
666
6666
6667
6668
667
6670
6671
6675
6678
6687
6697
6709
6711
6712
6713
6714
6722
6727
6728
6730
6732
6733
6737
6738
6742
6744
6745
6746
675
6764
6769
677
6777956777969238
6778
67780467782484968
678
6780
6782
678655
6788
6789
6790
6792
6793
6794
6809
6817
6821
6829
6830
6832
6836
6837
6838
6839
6840
6844
686
6867
6868
6871
6872
6873
6874
6879
688
6884
6885
689
6895
6901
6902
6903
6907
6908
6909
692099
6921
6924
6928
6929
6932249524
6935
6936
6938
6942
6944
699
6993
6996
7003
7008
7009
7013
7014
7016
7019
7020
7025
7027
7037
7039
7040
7042
7046
7048
705
7050
7057
7068
7071
7072
7073
7077
7082
7084
7095
71
7109
7110
7114
7126
7127
7128
7132
7134
7156
7158
7159
7162
7165
7169
7170
7181
7182
7186
7187
7188
7189
7204
7216
7223
7227
7241029782
7248
7259
726
7263
7265
7266
727866
727910
7280
728039
728215
7283
728411
7286
7286619906
728743
728983695
729082
7291
729440
7295
729515
729678
729683
7297
729830
729993
730101
7314
7316
7319
7321
7323
7326
7327
7328
7332
7334
7337
734
7341
7342
7343
7351
7355
7368
7372
7375
7389
7391
7398
740
7403
7405
741
7412
7414
7415
7417
7422
7423
7424
7428
745
7461
7466
7468
747
7473
7477
7481
7482
7494
7508
751071
7514
7516
7529
7531
7532
7533
7534
7536
7538
754
7541
7542
7543
7546
755
7551
7552
7553
7554
7559
7564
7566
75677571
7570
7572
7579
7580
7581
7582
7584
7586
7587
7592
7593
7596
7621
7625
7629
7633
7675
76755790196
7678
7690
7692
7701
7703
7705
770784561
7709
7711
7716
7727
7733
7737
7738
7741
7743
7745
7746
7750
7752
7753
7755
7760
7762
7763
7764
7767
7768
7775
7779
7782
7789
7798
7799
7803
7818
782
7832
784
7840
7841
7849
7855
7862
7869
7871
7874
7879
7884
78987
78988
78990
78996
79000
79002
79003
79007
79016
79026
79027
79029
79034
79039
7905
79064
79066
79068
79070
79071
79072
79077
79078
79081
79085
79087
79089
79091
79094
790955
79096
79098
79102
79134
79137
79139
79142
79145
79147
7915
79156
79158
79165
79169
79171
79172
79175
79176
79178
79183
79184
79188
79191
79230
79269
79364
79369
79414
79415
79443
79446
794479961
79568
7957
79571
79575
79581
79586
79594
79595
79596
79598
79600
79602
79605
79613
79616
79622
79623
79627
79631
79633
79635
79637
79639
79640
79642
79643
79644
79646
79648
79649
79650
79651
79660
79663
79664
79665
79666
79668
79670
79671
79672
79673
79675
79676
79683
79684
79685
79691
79699
79701
797039986
79705
79707
79709
79714
79718
79720
79723
79726
79728
79729
79733
79734
79735
79736
79738
79745
7975
79753
79754
79759
79760
79763
79770
79776
79778
7978
79780
79786
79789
7979
79791
79794
79797
79798
79801
79803
79813
79828
79829
79830
79831
79832
79833
79834
79837
7984
79842
79848
79850
79858
79866
79869
79872
79873
79879
7988
79886
79888
79890
79893
79894
79896
79899
79903
79913
79915
79918
79921
79922
79924
79929
79932
7994
79943
79947
79954
79960
79962
79971
79980
79989
79990
80003
80007
80010
80011
80012
80014
80017
80018
80019
80020
80021
80023
80024
80025
80028
80110
80114
80124
80131
80135
80139
80143
80144
80146
80148
80149
80153
80162
80169
80176
80179
80185
8019
80196
80201
80204
80205
80206
80208
8021
80210
80212
80216
80222
80223
80227
80228
80232
80233
80235
80262
80263
80267
8027
80271
80279
8028
80298
8030
80301
80304
80305
80306
80308
8031
80311
80313
80314
80317
80324
80335
8036
80381
8045
80700
80709
80723
80724
80727
80728
80745
80746
80757
80758
80764
80772
80774
80775
80776
80777
80778
80781
80789
808
80818
80820
80824
80830
8085
80851
80853
80854
80856
8092
81
81031
81034
81035
81037
811
8125
813
8139
8140
8148
81490
81493
81532
81537
81545
81552
81554
81555
81556
81557
81559
81562
81565
81566
81570
81572
81576
81577
81579
81603
8161
81610
81611
81619
81620
81621
81622
81628
81631
8165
81669
8178
81788
81789
81792
818
81831
81839
81844
81846
81847
81849
81858
8187
81873
81875
81889
81892
81894
819
8192
81926
81928
81930
81932
8202
8204
8209
8218
8220
8226
823
8237
8239
8242
8243
8266
8269
8273
8289
829
8295
8303
831
8310
8312
8315
8317
832
8321
8323
8324
833
83440
83442
83443
83451
83452
83460
83461
83463
83464
83475
83480
835
8353
83539
83541
83549
83590
83604
83605
83606
83607
83636
83638
83641
83658
83660
83666
83667
83692
83693
83694
83696
83729
83737
83742
83746
83752
83759
83786
83855
83860
83861
83872
83877
83892
83903
83931
83932
83937
83939
8394
8396
83983
83986
83990
83992
840
84002
8405
84060
84061
84067
8407
84078
84079
8408
84081
84083
84085
841
84102
8412
84124
84128
84132
84133
84135
84141
84144
84146
84159
84162
84166
84167
84168
84171
84172
84181
84191
84193
84197
842
84206
84219
84231
84232
84233
84236
84240
84243
84246
84247
84250
84254
84255
84256
84260
84262
84265
84266
8427
84273
84274
84277
84280
84282
84283
84285
84286
84287
84289
84294
84299
843
84302
84304
84305
84310
84311
84313
84320
8432485406
84327
84328
84333
84335
84337
8434
84343
8440
8443
84437
8444
84441
84444
84445
84447
84449
8445
84451
8446
84464
84498
8450
8451
84513
84516
84522
84536
8454
84545
84548
84549
8455
84552
84553
8459
8460
84612
84614
84617
8462
84626
84629
84632
84640
84641
84656
84662
84668
84669
84678
84687
84705
84706
84717
84720
84722
84726
84727
8473
84733
84740
84749
84750
84752
8476
84769
84787
84792
84798
84804
84809
8481
84811
84817
8482
84826
84838
84844
84847
84851
84856
84858
84861
84872
84874
84875
84876
84878
84881
84883
84886
84890
84892
84893
84898
84902
84904
84908
84909
84912
84918
84919
8492
84922
84923
8493
84930
84934
84936
84937
84939
84940
84942
84945
84948
84950
84959
84962
84967
84975
84976
84978
8498
84987
84988
84989
84991
84996
85007
85012
85013
85015
8502
85025
85026
8507
8509
8517
85236
8525
8526
8527
85301
8531
85315
8535
85360
85364
85365
85369
85371
85377
85378
85379
8540
85403
8541
85416
8542
8543
85441
8545
85450
85451
85456
85457
85458
8546
85460
85461
85462
85463
85464
85465
8553
8554
8555
8558
8560
8563
8565
8566
8567
8568
8575
8576
858659069
860
8603
8607
8609
8614
862
8621
8629
8635
864
8648
8655
8658
8659
8660
8661
8662
8669
867
8672
8675
8676
868
8682
8690
8692
87
8702
8703
8704
871
8711
8717
8720
8721
8726
8729
873
8731
8732
8737
8744
875
8754
8760
8763
8766
8767
8772
8774
8776
8795
8799
8800
8805
8813
8815
8816
8818
8824
8828
8829
8834
8837
8846
8848
8851
8861
8863
8867
8871
8872
8874
88745
8879
8881
8884
8888
8891
8894
8897
8899
89049054
8907
8908
8910
8914
8924
8925
8930
8933
8934
8936
8943
8945
8974
8975
89781
89782
89795
89796
89845
89853
89884
89887
89890
89891
899
89910
8992
8994
89958
89970
90
90007
90120
90121
9013
90135
9019
9020
90203
90204
9021
90226
90231
9025
9026
90268
9031
90321
90324
90326
90338
90355
9037
90381
9039
904
90407
90411
90417
90441
90459
9048
90488
905
90507
9052
90522
90525
90529
90550
9056
9057
90576
90580
90627
9063
90634
90693
9075
90768
90780
90784
90826
90843
90850
90864
90871
9093
90933
90956
90957
9096
9097
90987
90990
90993
91
9100
9101
91012
91050
91056
91057
9110
91107
9113
91137
91156
9117
91179
9121
9122
9123
9125
91272
9128
91289
91304
91316
9135
91369
91373
9138
9139
91408
9144
91445
9150
91523
91574
91582
9159
91603
91607
91608
9166
91663
9167
91683
91687
9169
91748
91749
91750
91754
91768
91782
9179
9180
91801
9181
91833
91860
91869
9187
9188
9191
91948
9197
91978
92
92002
92014
92017
9202
9203
92070
9208
92104
9212
92126
9213
92140
92154
9217
92170
92181
9221
92211
9223
92305
9231
92312
92335
92342
92344
92359
92370
9240
9245
9249
92521
9253
9258
92595
9260
9261
92610
9262
9263
9265
92659
9266
92667
9267
92675
92689
92691
9270
92715
9275
9276
92806
92822
92856
9289
92922
92935
9295
92979
92999
93
9306
9308
93109
93129
93134
9317
9318
93183
9319
9320
9321
93210
9322
9326
9328
9329
9334
9337
9338
93436
9344
93487
9351
9353
93550
9360
9361
93621
93622
93624
9364
93643
9367
9369
9371
9372
9382
9391
9392
9394
9397
93973
93974
9400
94005
9403
94039
94059
94097
94103
94107
9411
9412
94121
94134
9414
9416
9422
9425
9443
9445
9446
9448
9451
9453
9456
9462
9463
9466
9469
9470
9474
9475
9477
9486
9487
9489
949
9500
9508
9510
9512
9514
9516
9517
9518
9527
9528
9529
9530
9531
9532
9533
9538
9540
9541
9545
9546
955
9552
9562
9563
9564
9570
9578
958
9580
9583
9585
9587
9589
9592
960
9600
9601
9603
9605
9609
9610
9611
9612
9618
9620
9632
9637
9639
9640
9641
9643
9644
9645
9646
9648
9650
9654
9655
96610
9665
9666
9667
9668
9669
967
9670
9672
9673
9675
96764
9677
968
9682
9683
9684
9685
9686
9693
9697
9698
9699
9700
9701
9702
9703
9704
9709
9710
9712
9715
9716
9726
9727
9728
9730
9732
9733
9736
9738
9739
9743
9746
9747
9748
9749
9751
9753
9754
9757
9759
976
9761
9762
9764
9765
9766
9767
977
9774
9775
9776
9777
9778
9779
9785
9789
9790
9791
9792
9793
9798
9805
9807
9810
9811
9812
9815
9816
9817
9819
9820
9821
9824
9825
9826
9827
9828
9831
9836
9839
9846
9848
9849
9851
9852
9853
9857
9858
9859
9860
9862
9863
9868
9869
9870
9871
9873
9875
9879
9880
9882
9883
9885
9886
9887
9889
989
9891
9894
9895
9900
9902
9903
9904
9905
9908
9909
9913
9917
9919
9920
9922
9923
9925
9927
9928
9929
993
9931
9937
9939
9941
9943
9950
996
9960
9962
9967
9969
997
9972
9975
9980
9987
9988
9989
9993
9994
